%%MatrixMarket matrix array real general
351 34
 1
 1
 1
 1
 1
 1
 1
 0
 1
 1
 1
 1
 1
 1
 1
 1
 1
 0
 1
 0
 1
 0
 1
 0
 1
 1
 1
 0
 1
 0
 1
 1
 1
 1
 1
 1
 1
 0
 1
 1
 1
 1
 1
 1
 1
 0
 1
 1
 1
 1
 1
 0
 1
 1
 1
 1
 1
 0
 1
 1
 1
 1
 1
 1
 1
 1
 1
 0
 1
 1
 1
 0
 1
 1
 1
 0
 1
 0
 1
 0
 1
 0
 1
 1
 1
 1
 1
 1
 1
 1
 1
 1
 1
 1
 1
 1
 1
 1
 1
 1
 1
 1
 0
 1
 1
 1
 1
 1
 1
 1
 1
 1
 1
 1
 1
 1
 1
 1
 1
 1
 1
 1
 1
 1
 1
 1
 1
 1
 1
 1
 1
 1
 1
 1
 1
 1
 1
 1
 1
 1
 1
 1
 1
 1
 1
 1
 1
 1
 1
 1
 1
 1
 1
 1
 1
 1
 1
 1
 1
 1
 1
 1
 1
 1
 1
 1
 1
 1
 0
 1
 0
 1
 0
 1
 1
 1
 1
 1
 1
 1
 1
 1
 0
 1
 1
 1
 1
 1
 0
 1
 0
 1
 1
 1
 1
 1
 1
 1
 1
 1
 0
 1
 1
 1
 0
 1
 1
 1
 1
 1
 0
 1
 1
 1
 0
 1
 0
 1
 0
 1
 0
 1
 0
 1
 0
 1
 0
 1
 0
 1
 0
 1
 0
 1
 1
 1
 1
 1
 1
 1
 1
 1
 1
 1
 1
 1
 1
 1
 0
 1
 1
 1
 1
 1
 1
 1
 1
 1
 1
 1
 1
 1
 1
 1
 1
 1
 1
 1
 1
 1
 1
 1
 1
 1
 1
 1
 1
 1
 1
 1
 1
 1
 1
 1
 1
 1
 1
 1
 1
 1
 1
 1
 1
 1
 1
 1
 1
 1
 1
 1
 1
 1
 1
 1
 1
 1
 1
 1
 1
 1
 1
 1
 1
 1
 1
 1
 1
 1
 1
 1
 1
 1
 1
 1
 1
 1
 1
 1
 1
 1
 1
 1
 1
 1
 1
 1
 1
 1
 1
 1
 1
 1
 1
 1
 1
 1
 1
 1
 1
 1
 1
 0
 0
 0
 0
 0
 0
 0
 0
 0
 0
 0
 0
 0
 0
 0
 0
 0
 0
 0
 0
 0
 0
 0
 0
 0
 0
 0
 0
 0
 0
 0
 0
 0
 0
 0
 0
 0
 0
 0
 0
 0
 0
 0
 0
 0
 0
 0
 0
 0
 0
 0
 0
 0
 0
 0
 0
 0
 0
 0
 0
 0
 0
 0
 0
 0
 0
 0
 0
 0
 0
 0
 0
 0
 0
 0
 0
 0
 0
 0
 0
 0
 0
 0
 0
 0
 0
 0
 0
 0
 0
 0
 0
 0
 0
 0
 0
 0
 0
 0
 0
 0
 0
 0
 0
 0
 0
 0
 0
 0
 0
 0
 0
 0
 0
 0
 0
 0
 0
 0
 0
 0
 0
 0
 0
 0
 0
 0
 0
 0
 0
 0
 0
 0
 0
 0
 0
 0
 0
 0
 0
 0
 0
 0
 0
 0
 0
 0
 0
 0
 0
 0
 0
 0
 0
 0
 0
 0
 0
 0
 0
 0
 0
 0
 0
 0
 0
 0
 0
 0
 0
 0
 0
 0
 0
 0
 0
 0
 0
 0
 0
 0
 0
 0
 0
 0
 0
 0
 0
 0
 0
 0
 0
 0
 0
 0
 0
 0
 0
 0
 0
 0
 0
 0
 0
 0
 0
 0
 0
 0
 0
 0
 0
 0
 0
 0
 0
 0
 0
 0
 0
 0
 0
 0
 0
 0
 0
 0
 0
 0
 0
 0
 0
 0
 0
 0
 0
 0
 0
 0
 0
 0
 0
 0
 0
 0
 0
 0
 0
 0
 0
 0
 0
 0
 0
 0
 0
 0
 0
 0
 0
 0
 0
 0
 0
 0
 0
 0
 0
 0
 0
 0
 0
 0
 0
 0
 0
 0
 0
 0
 0
 0
 0
 0
 0
 0
 0
 0
 0
 0
 0
 0
 0
 0
 0
 0
 0
 0
 0
 0
 0
 0
 0
 0
 0
 0
 0
 0
 0
 0
 0
 0
 0
 0
 0
 0
 0
 0
 0
 0
 0
 0
 0
 0
 0
 0
 0
 0
 0
 0
 0
 0
 0
 0
 0
 0
 0
 0
 0
 0
 0
 0
 0
 0
 0
 0
 0
 0
 0
 0
 0
 0
 0.99539
 1
 1
 1
 1
 0.02337
 0.97588
 0
 0.96355
-0.01864
 1
 1
 1
 1
 1
 0.50932
 0.99645
 0
 0.67065
 1
 1
 1
 0.96071
-1
 1
 1
 1
-1
 1
-1
 1
 1
 0.88208
 0.71253
 1
 0.66161
 1
 1
 0.91241
 1
 1
-1
 0.90932
-0.64286
 0.99025
 0
 1
 0.94598
 0.98166
 0
 0.84134
 1
 1
-0.67935
 0.95659
 0.08333
 1
-1
 1
 0.17188
 1
 0.01667
 1
 0.63816
 1
 0.84783
 1
 1
 1
 1
 1
 1
 0.96087
 0.69444
 1
 1
 1
 1
 1
 1
 1
 1
 0.92277
 0.68198
 0.74852
 0.39179
 0.67547
 0.72727
 0.57647
 0.41932
 0.88305
 0.84557
 0.7087
-0.5418
 0.29202
 0.79157
 0.90116
 0.97714
-1
 0.74084
 1
 1
 0
 0.95704
 0.28409
 0.9449
 0
 0.99449
 0.10135
 1
 0.65909
 0.86284
 0.42
 1
 0.91353
 0.21429
 1
 0.98182
 0.39286
 0.86889
 0.43636
 1
 0.7381
 0.4375
 1
 0.95217
 0.5984
 0.95882
 0
 0.96933
 0
 0.64122
 1
 0.34694
 0
 0.89706
-1
 0.26667
-0.26667
 1
 0.94531
 0.95202
 1
 0.31034
 0.62745
 0.25
-0.65625
 1
 0.85271
 0.90374
-0.205
 0.6
 0.05866
 0.94653
 0.0546
 0.72414
 0.03852
 0.4709
 0.08696
 0.94333
 0.01975
 0.85736
 1
 0.85209
 1
 1
 0
 0.44444
 0
 1
-1
 1
 0
 1
 0.62121
 1
 0
 0.91667
 0.1859
 1
 1
 1
-1
 0.92247
-1
 0.84177
 1
 1
-1
 1
-1
 0.64947
 0
 1
 1
 0.93669
 1
 1
 0.36876
 0.79847
 0
 1
 0
 1
 0
 0.91176
-1
 0.47368
-0.00641
 1
-1
 0.45455
-1
 1
 1
 0.87032
 1
 0.92657
 1
 0.93537
 1
 0.80627
 1
 0.97467
 0
 0.92308
 0
 0.88804
 1
 0.73523
 0
 0.94649
 1
 0.50466
 0.68729
 0.76296
 0.38521
 0.5754
 0.06404
 0.61857
 0.25316
 0.88103
 0.42708
 0.88853
 0
 0.81143
 0
 0.4987
 0
 1
 0
 0.87048
 0
 0.88179
 0.32834
 0.83427
 0.62335
 0.74449
 0.61538
 0.68317
 0.5
 0.7983
 1
 0.8941
 0.94631
 0.91767
 0.76627
 0.5894
 1
 0.84843
 1
 0.47938
 0.6351
 0.50112
 0.71521
 0.68148
 0.60678
 0.49515
 0.98822
 0.97905
 0.99701
 0.94331
 0.93972
 0.89835
 0.29073
 0.58459
 0.83609
 0.9408
 0.87111
 0.74916
 0.47337
 0.59887
 0.84713
 0.87772
 0.74704
 0.46785
 0.88116
 0.93147
 0.88241
 0.83479
 0.9287
 0.83367
 0.98455
 0.94052
 0.97032
 0.52542
 0.33333
 0.51207
 0.75564
 0.83789
 0.93658
 0.92436
 1
 0.95559
 0.79378
 0.88085
 0.89589
 1
 0.7479
 0.85013
 1
 0.89505
 0.90071
 0.39394
 0.86689
 0.89563
 0.90547
 1
 1
 0.8811
 0.82624
 0.74468
 0.87578
 0.97513
 1
 1
 0.8842
 0.90147
 0.32789
 0.65845
 0.19466
 0.98002
 0.82254
 0.35346
 0.76046
 0.66667
 0.83508
 0.95113
 0.94701
 0.90608
 0.8471
-0.05889
-0.18829
-0.03365
-0.45161
-0.02401
-0.00592
-0.10602
 0
-0.07198
-0.08459
 0.06655
-0.5421
-0.16316
-0.86701
 0.0738
-0.93996
 0.06468
 0
 0.02528
-1
-0.00612
 1
 0.07088
 1
-0.06182
 0.5782
-0.08714
-1
 0.0838
-1
-0.14236
-1
-0.14639
-0.02595
-0.15899
-1
 0.00433
 1
 0.04347
 0.02461
 0.06538
-1
 0.08791
-1
-0.05785
 0
-0.0373
-0.02685
 0.00874
 0
-0.18362
 1
 1
-1
 0.08143
-0.20685
-0.02259
 1
 0.05812
-1
 0.09771
-0.35625
 0.16801
 1
-0.41457
 0.10598
 0.28046
-1
 0.67784
 1
 0.03529
-1
 0.0862
 0.38889
 0.0507
 1
 0.04078
 1
 0.24168
 1
-0.06604
-1
 0.07804
-0.17314
-0.02811
-0.06343
 0.04528
-0.05
-0.01569
 0.12482
-0.21996
-0.0858
-0.24783
 0.14861
 0.13582
 0.16851
 0.16607
 0.19049
-1
 0.04974
-1
 0.01709
 0
-0.12095
-0.31818
-0.49311
 0
 0.00526
 0.10811
-0.57224
-0.62879
 0.1931
-0.61
 0.23395
 0.81586
-0.09524
-0.14754
 0
 0.52381
-0.07111
-0.12727
-0.92453
 0.83333
 0.04167
 1
 0.06595
 0.40332
 0.10129
 0
 0.00876
 0
 0.01403
 1
 0.20408
 0
 0.38235
 0.28105
-0.1
 0.4
-0.37838
-0.03516
 0.02254
-0.05529
-0.10345
-0.07843
 0.16667
 0.15625
-0.01081
 0.05426
-0.01604
 0.2875
 0.03333
-0.00838
 0.28713
 0.01437
-0.01084
 0.02568
 0.22751
 0.00686
 0.38574
 0.00705
 0.00075
-1
 0.39252
 1
 0.54902
 0
 0.44444
 0
 0
 1
 0
 0
 0.45455
-0.63636
 0.11765
 0
 0.29167
-0.16667
-0.08183
 1
 0.24077
 1
-0.19448
-1
 0.4346
 1
 0.63548
 1
 0.06843
-1
-0.07896
 0
 0.05149
-0.09524
-0.0019
-1
 0.23058
-1
 0.38265
 0
-0.28428
 0
 0.09091
 0
-0.08824
 1
-0.10526
-0.5
 0.45455
-1
 0.09091
-0.59677
 0.14286
 1
 0.46972
-1
 0.04174
 1
 0.13645
-1
 0.13069
-1
 0.13082
 0
 0.15451
 0
 0.38138
-1
-0.38293
 0
 0.00892
 1
-0.169
 1
-0.07778
 0.15564
-0.03175
-0.15271
 0.1085
 0.35949
-0.00857
-0.5
 0.01631
 0
 0.03714
 0
 0.01818
 0
 0.5
 0
 0.38027
 0
 0.43491
 0.0252
 0.39121
-0.0349
-0.0239
 0.18923
 0.05375
 0
 0.09417
 0.09802
 0.13425
 0.17498
 0.18198
 0.21106
-0.60927
 0.11385
 0.06794
 0.08013
-0.12371
-0.04388
-0.03596
-0.00647
 0.1037
-0.02712
 0.09709
 0.02187
 0.1581
 0.21677
 0.19959
 0.28082
 0.35157
 0.10025
-0.35526
 0.13215
 0.11933
 0.04326
 0.02549
 0.19527
 0.14689
-0.03397
-0.08152
-0.13241
 0.11308
 0.27475
 0.29282
 0.30634
 0.28993
 0.33164
 0.31456
-0.02736
-0.01531
-0.14384
-0.0339
-0.25
 1
 0.49638
 0.42904
 0.35107
 0.36924
 0.16195
-0.00155
 0.29492
 0.35232
 0.39286
-0.24051
 0.0084
 0.01809
-0.01179
-0.03168
 0.01773
-0.24242
 0.3595
 0.37917
 0.41113
 1
 0.51515
 0
 0.08156
 0.10638
 0.03727
 0.0071
 0.01105
-0.01342
 0.36724
 0.41786
 0.11042
 0.43617
 0.05725
 0.00075
-0.07572
-0.13768
 0.01092
-0.01366
 0.08298
 0.00419
-0.00034
-0.01657
 0.13533
 0.85243
 0.93035
 1
 1
 0.9414
-0.09924
 0.94601
 0
 1
 0
 1
 1
 1
 1
 1
 1
 1
-1
 0.66626
 0
 1
 0
 1
 0
 1
 1
 1
 0
 1
 1
 1
 1
 0.93408
 0.41287
 0.72314
 1
 1
 1
 0.94191
 0.99672
 1
 1
 0.86528
 1
 0.99793
 0
 1
-1
 0.98103
 1
 0.43644
 1
 1
-1
 0.97487
-1
 1
 1
 0.94525
-1
 1
 0
 0.99352
 0.20833
 1
 1
 1
 1
 0.81309
 1
 1
 1
 0.9676
 0
 1
 0
 1
 1
 1
 1
 1
 1
 0.92679
 0.82332
 0.6568
 0.97464
 0.76981
 0.89241
 0.40392
 0.35
 1
-0.31745
 0.64348
-0.33746
 0.45331
 0
 0.79299
 0.82683
 0
 0.79074
 0
 0.96215
 0
 0.63318
 0
 1
 0
 0.84082
 0
 0.9915
 0
 0.8092
 0
 0.91404
-0.72973
 0.33333
 1
 0.88627
-0.78824
 1
 0.58182
 1
-0.7619
 0.58333
 0
 0.93614
 0.82809
 1
-0.33672
 1
 0.98919
 0.34146
 1
 0.46939
 1
 0.91176
 0.22222
 0.53333
-0.27303
 0.64865
-1
 0.93757
 1
 0.24138
 0.72549
 0.46667
 0.0625
 1
 1
 1
 0.23
 0.63333
 0.06704
 0.72554
-0.02586
 0.79704
 0.00428
 0.42328
 0.13959
 0.48263
 0.0409
 0.81927
 1
 0.38887
 1
 0.62745
-1
 0.53695
 0
 1
 1
 1
 0
 1
 0
 1
-1
 0.83333
 0
 1
-1
 0.99815
 1
 0.96419
-0.50694
 0.5
 0
 1
-1
 1
 0
 0.58264
 0
 0.99363
-1
 0.60761
 1
 1
-1
 0.80804
 0
 1
 0
 0.95455
-1
 0.97059
-1
 0.83781
 0
 1
 1
 0.63636
 0
 1
 1
 0.53945
 1
 0.89266
 1
 0.93716
-1
 0.73061
 1
 0.9412
 1
 0.86399
 1
 0.65926
 1
 0.80151
 0
 0.97287
-1
 0.71442
 0.91973
 1
 0.41245
 0.75198
-0.04433
 0.70694
 0
 0.89818
 0
 0.92007
 1
 0.85143
 0
 0.43117
 0
 1
 0
 0.64099
 0
 0.59573
 0.15236
 0.5404
 0.59085
 0.70772
 0.78157
 0.84803
 0.38696
 0.78129
 1
 0.87001
 0.90946
 0.8609
 0.63935
 0.8543
 0.70019
 0.80562
 0.96775
 0.42784
 0.7653
 0.61124
 0.66667
 0.77037
 0.67119
 0.29612
 0.93102
 0.90112
 0.91966
 0.96132
 0.80486
 0.67333
 0.23308
 1
 0.72171
 0.85738
 0.79946
 0.98994
 0.06213
 0.69868
 0.86412
 0.83424
 0.53755
 0.5898
 0.72125
 0.79917
 0.73232
 0.69256
 0.76168
 0.65541
 0.98058
 0.9417
 0.91324
 0.94915
 0.44444
 1
 0.8355
 0.72113
 0.75254
 0.71976
 1
 0.86421
 0.64064
 0.68389
 0.66129
 1
 0.83312
 0.92211
 1
 0.87525
 1
 0.62655
 0.72014
 0.67311
 0.65354
 0.367
 0.45455
 0.94817
 0.79078
 0.88706
 0.89951
 0.98579
 1
 1
 0.67123
 0.64131
 0.1597
 0.44681
 0.04198
 1
 0.80462
 0.69387
 0.86335
 0.97404
 0.73739
 0.95183
 0.93207
 0.98122
 0.73638
 0.02306
-0.36156
 0.00485
 1
 0.06531
-0.11949
-0.208
 0
-0.14333
 0
-0.18388
-1
-0.10169
 0.2228
 0.0342
 0.26708
-0.01236
-1
 0.05031
 0
-0.09834
 0
 0.04296
 0
 0.02942
-1
-0.17263
 0
 0.17387
 1
-0.16256
 1
-0.11057
-0.23067
 0.27686
 1
-0.01209
-1
 0.0228
 0.04861
 0.20746
 1
 0.16888
 0.82857
-0.13009
 0
-0.07383
 0.26131
-0.03818
 0.51724
 0.02919
-1
 1
 1
-0.05667
 1
-0.04494
-1
 0.07418
 1
 0.12197
 0
 0.16334
-1
 0.76131
 0.3913
 0.02477
-1
 0.82021
-1
 0.18281
 1
 0.19279
 0
 0.10827
 0
 0.11982
-1
 0.4859
-1
 0.62937
 1
 0.16251
 0.21908
-0.05178
 0.04328
-0.10566
 0.03462
 0
 0.125
 0.36373
-0.80553
 0.04348
 0.73375
 0.16808
 0
 0.37379
 0.46259
 0
 0.02543
 0
-0.03142
 0
-0.1269
 0
-0.03692
 0
-0.11313
 0
-0.73371
 0
 0.41149
 0
 0.52013
 1
 0.07143
 0.04918
 0.03131
 0.11342
-0.02494
-0.14545
 0.75472
-0.2381
-0.10417
 0
 0.1303
 0.80521
-0.01918
 0.85388
 0.00843
-0.22703
-0.02439
-1
 0.2449
-1
 0.375
 0.15033
 0
 0.12159
 0.2973
-0.33203
-0.01272
-1
-0.10345
 0
 0.26667
 0
-0.02703
 0.08069
 0.08021
 0.1
 0.06667
 0.00838
 0.67248
 0.04598
 0.01084
 0
 0.33598
-0.04119
 0.64534
-0.00846
-0.05676
 1
 0.76432
 0.5125
 1
-1
 0.90763
 0
 0
 1
 0
 0
-0.45455
 0
 0.23529
-0.62766
-0.16667
 0
-0.11326
 1
 0.00369
-1
-0.17674
 1
 0.7616
 0
 1
-1
 0.14211
 0
-0.1438
 0
 0.10123
-1
 0.43204
 1
-0.78509
-1
-0.16964
 0
-0.25346
 0
-0.09091
 1
 0.17647
 0.15244
 0.01756
 0
 0.54545
-1
 0.09091
 0
 0.71429
-1
 0.82161
 1
 0.15766
-1
 0.25359
 1
 0.24323
 1
 0.20036
 1
 0.29757
 1
 0.69431
 1
 0.10278
 0
-0.0026
-1
 0.01513
-0.76087
-0.2963
 0.07393
-0.05357
 0.05911
-0.06935
 0
-0.02465
 0
 0.01305
 0.12889
-0.00143
 0
-0.0961
 0
 0.25
 0
 0.69212
 0
 0.77655
 0.21278
 0.78579
 0.00481
 0.03309
 0.0178
 0.00202
 0.10435
 0.20656
 0.25101
 0.31543
 0.33143
 0.35543
 0.38112
 0.55298
-0.12144
-0.02299
-0.00482
-0.12371
 0.02968
 0.01348
-0.04207
 0.03457
 0.04068
 0.05825
 0.341
 0.35237
 0.4703
 0.40803
 0.52821
 0.62233
 0.17293
 0.35338
 0.06059
 0.01038
 0.18297
 0.09792
-0.18343
-0.13936
-0.08493
 0.07337
 0.16996
 0.00665
 0.42881
 0.55756
 0.57816
 0.47702
 0.62349
 0.57671
-0.04104
 0.01001
-0.00228
 0.08475
 0.22222
 0.5381
 0.54301
 0.58385
 0.6564
 0.6842
-0.05558
-0.13244
 0.52312
 0.65128
 0.71804
-0.20253
 0.01659
 0.01456
-0.00343
 0.05545
-0.01773
 0.0127
 0.66667
 0.69438
 0.74761
 0.06158
 0.33333
-0.02744
-0.08156
 0.00982
 0.00343
 0.01954
 0.01105
 0.01566
 0.67382
 0.75725
 0.29308
 0.74804
 0.25191
 0
 0.00231
-0.02423
 0.00258
 0.06831
-0.14706
-0.02723
-0.03227
-0.01989
-0.06151
 0.83398
-0.10868
 1
 0.71216
 0.92106
-0.00763
 0.92806
 1
 1
 0
 1
 1
 0.99999
 0.85492
 1
-0.0352
 0.97811
 1
 0.57197
 0
 1
 0
 1
 0
 1
 1
 0.86635
-1
 1
 1
 1
 1
 0.921
 0.98019
 0.83443
 1
 1
 0
 0.94705
 0.97545
 1
 1
 1
 1
 0.98663
 0
 0.99601
-0.36393
 0.97565
 0
 0.93421
 0
 0.9101
 1
 0.97165
-1
 1
-1
 0.99952
 0
 1
 0
 0.94616
 1
 0.8706
 1
 1
 1
 0.43019
 1
 1
-1
 0.96026
-0.32937
 1
 1
 1
 1
 1
 1
 1
 1
 0.89702
 0.46643
 0.80621
 1
 0.77358
 1
 0.38431
 0.23182
 0.82403
-0.08961
 0.45217
 0.52012
 0.51783
 0.56541
 0.7299
 0.71771
 0.50814
 0.78575
 0.77941
 1
 0
 0.96365
 0.68182
 0.98898
 0
 0.88237
 0
 0.89518
 0
 0.67203
 1
 0.7802
-0.39466
 0.19048
 0.57377
 0.86249
-0.16628
 1
 0.18182
 0.49057
 0.33333
 0.39583
 0
 0.90996
 0.76001
 0.98313
 0
 0.98658
 0.18919
 0.52751
 0
 0.40816
 0
 0.74265
-0.75693
 0.33333
-0.17778
 0.64865
-1
 0.93526
 0.5
 0.2069
 0.60784
 0.19036
 0
 1
 1
 1
 0.2825
 0.7
 0
 0.47564
 0.01437
 0.8
 0.01997
 0.25661
 0.10526
 0.21572
 0.02116
 0.77521
-1
 0.08858
 0.625
 0.01961
-1
-0.22222
 0
 0.5
 0
 0.66667
 0
 1
 0
 1
 1
 0.70833
 0
 0.99246
-1
 0.80244
 0
 0.87024
 1
 0.09916
 1
 0.77123
 0
 1
 0
-0.13129
 0
 0.96142
-1
 0.92314
 1
 1
-0.07661
 1
 0
 0.94623
 0
 0.77273
 1
 0.82353
 0.28354
 0.83155
-0.01923
 0.81818
-1
 0.27273
-1
 1
 1
 0.1038
 1
 0.86098
 1
 0.85705
-1
 0.64615
 1
 0.88783
 0
 0.72582
 1
 0.29148
 1
 0.78826
 0
 0.98922
-1
 0.71063
 0.81773
 1
 0.26459
 0.61508
 0.08374
 0.70358
-0.2962
 0.94105
 0
 0.92442
 0.88444
 0.79
 0
 0.50649
 0
 0.25
 1
 0.31347
 0
 0.19672
 0.14919
 0.12326
 0.60409
 0.72243
 0.77486
 0.84341
 0.4913
 0.71628
 0.9839
 0.78896
 0.85096
 0.72873
 0.48409
 0.81126
 0.81594
 0.77031
 0.96683
 0.70103
 0.61432
 0.58876
 0.63107
 0.65185
 0.52881
 0.34951
 0.83904
 0.82039
 0.76902
 0.80514
 0.58167
 0.43898
 0.03759
 0.75376
 0.65829
 0.85124
 0.99009
 0.75855
 0.62316
 0.85122
 0.81953
 0.84783
 0.72727
 0.55432
 0.61559
 0.59952
 0.34109
 0.49234
 0.49305
 0.34962
 1
 0.94994
 0.96575
 0.52542
 0.38889
 0.71178
 0.54916
 0.45625
 0.45571
 0.29303
 1
 0.94982
 0.41319
 0.34816
 0.29521
 0.87342
 0.82638
 0.92046
 1
 0.89505
 0.90071
 0.45455
 0.37201
 0.35916
 0.29921
 0.12993
 0.06061
 0.93598
 0.90426
 0.88542
 0.8921
 1
 1
 1
 0.39613
 0.3044
 0.1402
 0.05319
-0.10557
 0.98982
 0.87514
 0.68195
 0.85821
 0.4959
 0.84349
 0.93438
 0.95177
 0.95691
 0.87873
-0.37708
-0.93597
-0.12062
-1
-0.23255
-0.11824
-0.2835
-1
-0.21313
 0
-0.2732
-1
-0.15197
-0.39896
-0.05563
-1
 0.02498
 1
 0.18761
 0
-0.07649
 0
 0.09313
 0
-0.05131
-1
-0.81779
 1
-0.13308
-1
-0.23656
-1
-0.1645
-0.09473
-0.58388
-0.67321
-0.0296
 0
 0.05345
 0.07143
 0.26281
-0.14375
 0.16598
-1
-0.1943
 0
-0.11039
 0.35639
-0.05699
 0
-0.00267
 0
 1
 0.63317
-0.08484
 1
-0.06682
 1
 0.13231
 0
 0.22574
 0
 0.33347
 1
 0.18593
-1
 0.07764
-1
 1
-1
 0.26968
-1
 0.27451
 0.69841
 0.19498
-1
 0.16159
 1
 0.72973
 1
 0.09557
 1
 0.24618
 0.32862
 0.02811
 1
 0.03774
 0.72727
 0.12941
 0.27955
 0.19206
-0.56435
 0.38261
-0.13932
-0.00509
 0.06874
 0.50515
 0.58732
-0.78502
 0.03793
-0.99265
-0.03436
 0
-0.18242
-1
-0.87052
 0
-0.16431
 0
-0.9745
 0
 0.55785
-1
 0.72144
 0.55735
 0.19048
-0.01639
 0.04572
-0.76378
-0.06889
-0.67273
-0.0566
-0.14286
 0
 0
 0.19152
 0.70709
 0.02555
 0
-0.00763
-0.05405
 0.03466
 0
 0.20408
 0
 0.67647
-0.70984
-0.13333
-0.04444
-0.24324
-0.01563
 0.01214
-0.11111
-0.06897
-0.07843
 0.23966
 0.0625
-0.06486
 1
 0.01604
 0.3175
 0.06667
-0.01117
 0.82455
 0.04598
 0.00197
-0.01997
 0.47619
-0.08238
 0.77514
 0.01128
-0.04182
 1
 0.98903
-1
 1
 1
 1
 0
 0.5
 0
 0.11111
 0
 0.09091
 0
 0.41176
 0.51064
 0.25
 0
-0.29802
-0.82456
-0.30133
 0
-0.22602
-1
 0.9346
-1
 1
 0
 0.22108
 0
-0.21384
 0
 0.14756
-1
-0.40129
 1
-0.10401
 1
-0.07653
 0
-0.35094
 0
 0
 1
 0.08824
 1
 0.02615
 1
 0.63636
 1
 0.18182
 0.64516
 0.71429
 1
 0.95275
-1
 0.19791
-1
 0.38779
 1
 0.19038
-1
 0.32248
 0
 0.3679
 1
 0.87892
 1
 0.15266
 0
 0.00372
-1
 0.02258
 0.04348
-0.85741
 0.24125
-0.0119
-0.02463
 0.01678
-1
-0.01822
 0
 0.01359
-0.02
 0.00714
 0
-0.04156
 0
 1
 1
 0.86625
 0
 0.94537
 0.74003
 0.89402
-0.07461
 0.16912
 0.02647
 0.00301
 0.06522
 0.28068
 0.33044
 0.43388
 0.4996
 0.45747
 0.525
 0.07285
 0.09677
-0.03299
-0.00722
-0.39175
 0.36028
 0.01573
-0.05178
 0.08148
-0.04407
 0
 0.35222
 0.48561
 0.62415
 0.56569
 0.73151
 0.94353
 0.34336
-0.00564
 0.08315
 0.01546
 0.29292
 0.12877
 0.01006
-0.13936
 0
 0.04076
 0.09486
 0.06874
 0.63662
 0.71596
 0.58527
 0.68381
 0.84266
 0.70677
-0.07635
-0.01472
-0.17123
-0.16949
 0.16667
 0.80833
 0.72063
 0.78115
 0.88576
 0.94078
 0.01373
-0.00461
 0.68158
 0.79784
 0.90824
-0.10127
 0.02469
 0.0218
-0.01565
 0.01386
 0.00709
 0.09091
 0.83049
 0.88696
 0.95905
 0.92713
 0.36364
-0.0122
-0.01773
 0.01471
 0.0051
 0.01954
 0.0232
-0.00224
 0.86399
 0.95148
 0.74485
 0.85106
 0.48866
-0.00075
-0.01214
-0.03574
 0.00384
 0.50137
-0.05567
-0.0192
-0.03431
-0.03646
 0.0826
 1
 1
 0.88965
 0
 0.77152
 0.14706
 0.85996
 0
 1
 0.1147
 1
 1
 1
 1
 1
 1
 0.96112
-1
 0.08776
 1
 1
-1
 0.90169
-1
 1
 1
 0.94817
 1
 0.98172
-1
 1
 1
 0.88307
 0.99709
 1
 0.80893
 1
 0
 0.93582
 0.61745
 0.93051
 0
 0.55187
 1
 0.99374
 1
 0.99838
 0.69258
 0.95947
 0.10991
 0.87947
 0
-0.2697
 0.03515
 0.96097
 0.71875
 1
 0
 1
 0
 0.98602
 0
 0.91759
 0.87719
 1
 0.66938
 1
 1
 0.20619
 1
 1
 1
 0.98044
 0
 1
 1
 1
 1
 1
-1
 1
 1
 0.84111
 0.25795
 0.85947
 0.35821
 0.66038
 0.66364
 0.4
-0.03636
 0.85086
 0.80648
 0.65217
 0.31889
 0.52632
 0.39468
 0.59784
 0.47968
 0.60586
 0.6623
 0.80882
 1
 0
 0.97026
 0.30682
 0.90083
 0
 0.99061
 0.5473
 1
 0.77273
 0.54559
 0.9
 0.4766
 0.05405
 0.2381
 0.65574
 0.8
 0.66667
 0.87778
 0.34545
 0.62264
 0.45238
 0.33333
 0
 0.84881
 0.8401
 0.96974
 0.68869
 0.97868
 0
 0.19512
 0
 0.46939
 0
 0.45588
-0.30719
 0.36667
 0.06192
 0.86486
 0.97266
 0.96705
 0.36111
 0.07405
 0.62745
 0.07766
 0.625
 0.95135
 0.91473
 0.93048
 0.3225
 0.7
 0.00559
 0.01267
-0.07759
 0.79015
 0.0214
 0.01852
 0.12586
-0.55941
 0.01128
 0.84317
 1
-0.42625
 1
-0.4902
 0
-0.33333
 0
 0.75
 1
 1
 0
 1
 0.3447
 1
 0.07979
 0.875
 0
 1
 0.34649
 0.89919
 0
 0.81702
 1
-0.37764
-1
-0.33333
-1
 1
 0
 0.29796
 0
 0.95513
 1
 0.93123
 1
 1
 1
 0.98151
 0
 1
-0.85
 1
-1
 0.91176
-1
 0.68421
 0
 1
 0
 0.63636
-0.87097
 1
 1
-0.38033
 1
 0.83675
 1
 0.79039
 1
 0.36923
 1
 0.89009
 1
 0.70588
 0
-0.06726
 1
 0.5558
 0
 0.95801
 0
 0.68065
 0.76087
 0.8
 0.23346
 0.53968
-0.01478
 0.74273
 0
 0.89175
 0.46458
 0.89179
 0
 0.79571
 0
 0.5013
 0
 0.16851
-1
-0.03933
-1
-0.24103
-0.25706
-0.33221
 0.63177
 0.79228
 0.65077
 0.843
 0.46957
 0.6932
 0.80365
 0.63388
 0.73678
 0.60425
 0.15
 0.56623
 0.71157
 0.66725
 0.8798
 0.73196
 0.65358
 0.58876
 0.77994
 0.60988
 0.50508
 0.57282
 0.74706
 0.7176
 0.53312
 0.56687
 0.34961
-0.03643
 0.1203
 0.82519
 0.23888
 0.76966
 0.89455
 0.74313
 0.45562
 0.80979
 0.73673
 0.77174
 0.69565
 0.47894
 0.38825
 0.26203
 0.05717
 0.21991
 0.21592
 0.17293
 0.9872
 0.95878
 0.9863
 0.30508
 0.41667
 0.45622
 0.35225
 0.1647
 0.15323
-0.11108
 1
 0.82809
 0.14177
 0.05832
-0.04787
 0.88608
 0.86555
 0.92765
 1
 0.92871
 0.84752
 0.63636
 0.08646
-0.04193
-0.13342
-0.27586
-0.32104
 0.90244
 0.92908
 0.87234
 0.86335
 0.9929
 0.99448
 1
 0.02424
-0.20449
-0.25131
-0.32027
-0.18321
 0.94721
 0.86821
 0.55717
 0.79988
 0.75683
 0.90441
 0.9459
 0.95584
 0.85746
 0.88928
 0.0376
-0.04549
 0.01198
 0
-0.16399
 0.06637
-0.27342
 0
-0.36174
-0.2681
-0.43107
 0.36217
-0.19277
-0.1209
 0.08764
-1
 0.02312
 1
 0.34081
 1
-0.10605
-1
-0.05144
 1
-0.01707
-1
 0.61053
-0.375
 0.6452
 1
-0.07514
-1
-0.17036
-0.10236
-0.28207
-0.40446
-0.07014
 0
 0.01321
-1
 0.32213
 0
 0.68154
-0.23393
-0.25843
 1
-0.09931
-0.63427
-0.06971
-1
 0.13795
 0
 1
-1
-0.06561
 0.47173
-0.08799
 0
-0.01911
 0
 0.09237
 0
 0.2261
 0.30921
-0.09925
 0.08424
 0.04317
-1
 0.80541
 1
 0.25068
-1
 0.35052
 0
 0.28453
-1
 0.27921
 1
 1
 1
 0.2028
 1
 0.35197
 0.58304
 0.02515
 0.15299
-0.04528
-0.05909
-0.05882
 0.44318
 0.05901
 0.04576
 0.18261
-0.06811
 0.20883
 1
 0.72997
 0.84278
 0.32899
 0.09948
 0.55147
-0.05071
 0
 0.0846
 0.95833
 0.66942
 0
-0.06257
 0.82432
-0.35818
 1
 0.69962
 1
 0.84222
 0.2973
 0.09524
 0.01639
 0
 0.0119
 0.00222
-0.03636
 0
-0.14286
-0.0625
 0
-0.49962
-0.10984
-0.09316
-1
-0.02844
 0
 0.12195
 0
 0.44898
 0
 0.77941
 0.71242
 0.11667
-0.06879
 0.18919
 0.01172
-0.01734
-0.22222
-0.05431
-0.11765
 0.19939
 0.0625
-0.01622
-0.00775
 0.00535
 0.35
 0
-0.03911
 0.89109
 0.00862
 0.01084
-0.04993
 0.49471
-0.06178
 0.64899
 0.04372
 0.09037
-1
 0.88744
 1
 0.92157
 0
 0.88889
 0
 0
-1
-0.11111
 0
-0.09091
 0.28788
 0.05882
-0.23404
-0.08333
 0
-0.33075
 0.21053
-0.23486
 0
-0.2707
 0.53819
 0.88186
-1
 1
 1
-0.125
 0
 0.04403
 0
-0.26496
 0.31746
 0.16828
-0.5
 0.15414
 0.95041
-0.07398
 0
-0.30566
-1
 0
-1
-0.02941
 1
-0.05263
 0
-0.09091
 0
 0
 1
-0.14286
 1
 0.87916
 1
 0.36526
 1
 0.47127
 1
 0.45577
 1
 0.32711
 1
 0.5683
 0
 0.90135
 1
 0.05252
 0
 0.01598
 0
 0.01282
 0.10702
 0.06111
 0.1323
 0.03373
 0.18719
 0.00224
 0
-0.12755
 0.51042
-0.10223
 0
-0.04286
 0
 0.0961
 0
 0.9118
-1
 0.9074
 1
 0.92544
 0.92324
 0.83578
 0.00963
 0.07721
-0.10308
 0.09901
-0.03913
 0.41252
 0.5302
 0.59975
 0.63842
 0.69865
 0.22273
 0.16225
 0.01139
-0.0662
-0.03923
 0.07216
-0.00462
 0.02472
 0.08091
-0.00494
 0.03729
-0.02427
 0.48906
 0.64888
 0.7812
 0.7083
 0.80511
 0.8051
 0.26316
 0.19361
 0.12961
-0.00278
-0.08337
-0.09188
-0.04438
 0.02448
-0.07643
-0.02174
-0.11067
-0.13969
 0.90502
 0.92651
 1
 0.86761
 0.95193
 0.78947
 0.01456
-0.0106
 0.18265
-0.01695
 0.13889
 0.46427
 0.70792
 0.82732
 0.95776
 0.76527
-0.12352
-0.51171
 0.83548
 0.90842
 0.94415
 0.01266
 0.01681
 0.0801
-0.01565
 0.02772
 0.05674
 0.09091
 0.85893
 0.93345
 0.9782
 0.93596
 0.73062
 0.01829
 0.01064
-0.01418
 0
 0.01599
-0.01436
 0.06264
 0.93182
 0.96534
 0.91993
 0.82139
-0.18321
 0.02394
-0.07514
-0.06119
 0.02304
-0.00273
-0.04622
 0.01606
 0.02446
 0.0011
-0.09139
 0.85243
 0.50874
 0.73082
 0
 0.52798
 0.03786
 0.79766
-1
 0.9257
-0.45663
 1
 1
 0.94055
 1
 1
 0.43685
 0.99274
-1
 0.63621
 1
 1
 0
 0.89263
 1
 1
 1
 0.95473
 0
 1
 1
 1
 1
 0.88462
 1
 1
 1
 0.97839
-1
 0.91911
 0.91036
 0.86773
-1
 0.70207
 1
 0.92738
 1
 0.98941
 1
 0.99004
 0
 0.81121
 1
-0.83152
-1
 0.94717
-0.82143
 1
 1
 0.94846
-1
 0.9493
 0
 0.91408
-0.66886
 0.93844
 1
 0.98762
 1
-0.43872
 1
 1
 0
 0.92867
 0
 1
 1
 0.98703
 1
 1
 0
 1
 1
 0.78801
 1
 0.63462
 0.54478
 0.64528
 0.48182
 0.56471
 0.04517
 0.90558
 0.89514
 0.5
 0.20743
 0.52462
 0.38359
 0.44303
 0.31409
-1
 0.67801
-0.41912
 0.99026
 0
 0.92003
 0.64394
 1
 0.62195
 0.96484
 0.31081
 1
 1
 0.36705
 0.43
 0.27639
-0.18599
 0.40476
 0.85246
 0.69091
 0.82143
 0.83556
 0.29091
 1
-0.67285
 0.47917
 0.47744
 0.90023
 0.97311
 0.98955
 0.97078
 0.9982
 0.93243
 0.43313
 1
 0.30612
 1
 0.19118
-1
 0.56667
 0.04461
 1
 0.93359
 0.96936
 1
 0.03649
 0.68627
 0.0107
 0.1875
 0.98919
 0.83721
 0.93583
 0.36285
 0.63333
 0.01676
-0.24871
 0.01724
 0.78424
-0.0485
-0.02116
 0.23341
-0.73675
 0.00282
 0.86258
 1
-0.76229
 0.025
-0.82353
-1
-1
 0
 0.91201
 1
 0.88889
 0
 1
 0.42803
 1
-1
 0.91667
 0
 0.96662
 0.46053
 0.70643
 1
 0.79271
 0
-0.72363
 1
-1
 1
 1
 0
 0.38096
 1
 0.66026
 0.81349
 0.96197
 1
 1
 0.74597
 0.70217
 0
 0.92736
 0
 0.95455
 0
 0.97059
-1
 0.68421
 0
 1
 1
 0.36364
 0
 0.85714
 1
-0.73939
 1
 0.80619
 0
 0.72352
 1
 0.44793
 1
 0.8555
 0
 0.57449
 0
-0.39597
 1
 1
 0
 0.94054
 0
 0.34615
 0.86789
 0.45556
 0.19455
 0.61706
 0.06404
 0.71029
 0.07595
 0.82208
 0.58958
 0.90103
 1
 0.87571
 0
 0.44675
 0
-0.13336
 0
-0.42173
 0
-0.62526
-0.10312
-0.70086
 0.62455
 0.81434
 0.77538
 0.75813
 0.35652
 0.65917
 0.74977
 0.54003
 0.59215
 0.50376
 0.13753
 0.32781
 0.56167
 0.59582
 1
 0.26289
 0.64203
 0.66742
 0.67314
 0.79012
 0.70508
 0.58252
 0.73584
 0.58827
 0.36774
 0.41836
 0.10797
-0.22838
 0.06266
 0.50188
 0.43837
 0.84459
 0.88598
 0.95842
 0.56509
 0.50471
 0.71975
 0.77174
 0.66798
 0.52993
 0.09831
 0.04636
-0.09238
-0.08096
-0.13956
-0.18976
 0.95278
 0.94641
 0.91781
 0.50847
 0.5
 0.33081
 0.13469
-0.13012
-0.21775
-0.31605
 1
 0.92441
-0.16831
-0.29784
-0.45725
 1
 0.60504
 0.87597
 1
 0.91287
 1
 0.21212
-0.24118
-0.38875
-0.52236
-0.31527
-0.45455
 0.90244
 0.80142
 0.7305
 0.95031
 0.95737
 0.99448
 0.97763
-0.35148
-0.55483
-0.16503
-0.68253
-0.41985
 0.977
 0.72832
 0.61836
 0.81504
 0.65164
 0.89391
 0.9651
 0.94124
 0.89724
 0.78735
-0.17755
-0.67743
 0.05346
 0
-0.20275
-0.06302
-0.47929
-1
-0.43569
-0.38172
-0.41349
-0.41119
-0.35151
 0.35147
 0.19651
-1
 0.07808
 1
 0.12131
-1
-0.11073
 0
 0.0258
 1
-0.11726
-1
-0.41382
 0
 0.47904
-1
-0.2501
-1
-0.31809
-0.10951
-0.49863
-1
-0.06256
-1
 0.06348
 0.11147
 0.39039
 1
 0.36719
 0.96161
-0.3013
 1
-0.13814
-0.03353
-0.04507
 0
-0.01789
 1
 1
-1
 0.01279
-0.62723
 0.56173
 1
 0.07033
 1
 0.19211
 0
 0.37107
 1
 0.4799
 0.27038
 0.33266
 1
 1
 1
 0.28778
 0
 0.46281
 0
 0.34826
 1
 0.30889
 1
 1
 0
-1
 1
 0.42196
-0.15194
 0.08728
 0.1306
 0.01132
-0.16818
 0.14118
 0.36194
-0.04292
-0.00763
 0.26957
-0.1517
-0.16638
 0.99557
 0.81152
 0.92643
-0.41368
 0.31152
-0.94853
-0.07092
 0
-0.01124
 0.06439
-0.10104
 1
-0.07496
 1
-0.23229
-0.2803
 0.81533
 0.64
 0.9173
-0.10241
 0.02381
-0.03279
 0.04545
 0.40476
-0.06444
-0.05455
-0.00054
 0.12808
 0
-0.89098
 0.6132
 0.07981
-0.02716
 0.31385
-0.0351
 0.07297
 0.04755
 1
 0.59184
 1
 0.88971
 1
 0.01667
 0.02575
-0.27027
-0.01953
 0.0052
-0.25712
-0.03689
-0.11765
 0.14922
 0
-0.03243
 0.03876
-0.01604
-0.34617
 0
-0.07542
 0.84475
-0.06609
-0.00985
-0.01284
 0.53968
-0.01144
 0.42048
 0.00141
 0.11949
-1
 0.4998
 0.03125
 0.58824
 1
 0.33333
 0
 0.12094
-1
-0.11111
 0
 0
 0.39394
 0.23529
-0.3617
 0.04167
 0
-0.34281
 0.07018
-0.24077
-1
-0.28909
 0
 0.61181
 1
 1
-1
 0.39495
 0
-0.26339
-0.33333
 0.54701
 0.7619
 0.09061
 1
 0.2782
-0.3871
 0.20663
 0
-0.49057
 0
 0
 0
-0.17647
-1
 0
 0
 0
-1
-0.09091
 0
-0.14286
 1
 0.58226
-1
 0.40198
 0
 0.59942
 1
 0.46439
-1
 0.45217
 0
 0.62719
 0
 0.80441
 1
 0.21225
 0
 0.0353
 0
 0.05594
 0.73746
-0.42778
 0.25292
 0.09921
 0
 0.15772
-0.07342
-0.10932
 0.02083
-0.08428
-0.42444
 0
 0
 0.05974
 0
 0.80454
 0
 0.79346
 0
 0.71257
 0.1938
 0.59564
-0.07461
 0.43934
 0.08
 0.04102
-0.12609
 0.50122
 0.60297
 0.71016
 0.73838
 0.74922
 0.59565
 0.24172
-0.0778
-0.07666
 0.01419
-0.21649
 0.08314
-0.00449
 0.09709
 0.11852
-0.07797
 0.02427
 0.51879
 0.73743
 0.88291
 0.8323
 0.90403
 0.75334
 0.21303
-0.27632
 0.2033
 0.10916
-0.02028
 0.02482
 0.01775
 0.02825
-0.13588
-0.05707
-0.23518
 0.0133
 0.96128
 0.96748
 0.92118
 0.85011
 0.96167
 0.79886
-0.02604
-0.0371
 0.00228
-0.13559
-0.11111
 1
 0.94749
 0.86947
 0.96301
 0.92453
-0.01511
 0.10368
 0.78772
 0.8649
 0.84605
 0.11392
 0.05882
 0.1137
-0.02809
-0.0099
 0.03546
-0.21212
 0.86121
 0.84414
 0.83263
 0.37685
 0.48485
 0.01829
 0.08865
 0.10638
 0.07453
 0.02309
-0.00221
 0.04474
 0.83713
 0.81191
 0.26664
 0.52408
 0.06107
 0.0213
-0.11734
-0.10467
 0.12068
-0.14071
 0.1313
 0.03281
 0.01766
-0.03315
 0.06678
 0.59755
 0.34432
 0.85443
 0
 0.56409
 0
 0.78225
 0
 0.9451
 0
 0.96232
 1
 0.95735
 1
 1
 0
 0.89323
 1
 0.62099
-0.71875
 1
 0
 0.8325
 0
 0.84493
 1
 0.88486
 0
 1
-1
 1
 1
 0.85269
 0.58965
 0.79962
 1
 1
 0
 0.92766
 0.88462
 0.75474
 1
 0.16286
 1
 0.92651
 0
 0.96674
-0.2902
 0.94713
 0
 0.88559
 1
-1
 1
 0.95436
-1
 1
-1
 0.95713
 0
 0.92992
 0
 0.8425
-0.05921
 0.65452
 1
 1
 1
-0.79135
 1
 1
 0
 0.86265
 0
 1
 1
 0.92745
 1
 1
 1
 1
 1
 0.70716
 0.0106
 0.71598
 0.61567
 0.66792
 0.81809
 0.46667
-0.19091
 0.85193
-0.18494
 0.57826
 0.47368
 0.47368
-0.02439
 0.24412
 0.10289
 0
 0.75934
 0
 0.99173
 0
 0.83543
 0.34848
 1
 0
 0.85221
 0
 0.6289
 0
 0.19617
 0
 0.09467
-0.03158
 0.30952
 0.72131
 0.79343
-0.6723
 1
 0.29091
 0.45283
 0.33333
 0.29167
-0.51504
 0.77937
 0.95824
 0.9798
-0.26048
 1
 1
 0.21951
 1
 0.12245
 1
-0.02206
-0.81699
 0.71667
-0.00885
 0.51351
-1
 0.95665
 0.16667
 0.01707
 0.66667
-0.02367
-0.03125
 0.98919
 1
 1
 0.0925
 0.8
-0.00559
-0.47644
-0.03736
 0.8335
 0.01427
-0.34127
 0.12357
-0.76051
 0.01975
 0.88051
-1
-0.93092
 1
-1
 1
-1
 0
 0.89067
 1
 1
-1
 1
-0.07576
 1
 0.12766
 0.83333
 0.11538
 0.85788
 0.22807
 0.73855
 1
 0.70302
 0.23958
-0.93882
 1
 0
-1
 1
 0
 0.28931
 0.16667
 0.80426
-1
 0.99676
 1
 0.9812
-1
 0.99745
 1
 0.90818
 1
 1
-1
 0.97059
 1
 0.79856
 0
 0.81818
 1
 0.45455
 0
 1
 1
-0.92099
 1
 0.76221
 1
 0.6526
-1
 0.25
 1
 0.72298
 1
 0.4327
-1
-0.64574
 1
 0.71947
 0
 0.97213
-1
 0.6905
 0.70067
 1
 0.24514
 0.59127
 0.12315
 0.71588
 0
 0.88853
 0
 0.9304
 1
 0.85571
-1
 0.55844
 0
-0.34107
 1
-0.70561
 1
-0.86443
-0.61352
-0.86622
 0.67028
 0.63787
 0.73961
 0.81892
 0.45652
 0.57898
 0.56937
 0.39699
 0.48698
 0.361
-0.07727
 0.50331
 0.6907
 0.6726
 0.96186
 0.49485
 0.79446
 0.71685
 0.64725
 0.59753
 0.57966
 0.33495
 0.55076
 0.40349
 0.10107
 0.14939
-0.20015
-0.25137
-0.04725
 0.65977
 0.49418
 0.83289
 0.90446
 0.97921
 0.44675
 0.6742
 0.74947
 0.82337
 0.87945
 0.63858
-0.20097
-0.23237
-0.62403
-0.35558
-0.47202
-0.41729
 0.985
 0.97173
 0.93607
 0.64407
 0.54911
 0.21249
-0.09818
-0.46177
-0.56535
-0.66616
 1
 1
-0.42911
-0.62635
-0.7766
 0.92405
 0.79093
 0.91161
 1
 0.94059
 0.97872
 0.57576
-0.51763
-0.67274
-0.79657
-0.87192
-0.57576
 0.93902
 0.94681
 0.87657
 0.87021
 0.97158
 0.98343
 0.95973
-0.60316
-0.81857
-0.63714
-0.84211
-0.4542
 0.97888
 0.84624
 0.62099
 0.83096
 0.40164
 0.81197
 0.94171
 0.92595
 0.89061
 0.80668
-0.44945
-0.69707
 0.00827
 0
-0.00712
 0
-0.50764
 0
-0.40668
 0
-0.51874
 1
-0.29785
 0.07772
 0.20328
 0
 0.10346
-1
 0.14285
 1
-0.39489
 0
-0.06142
 0
-0.05202
-1
-0.31736
 0
 0.59113
-1
-0.26161
-0.0184
-0.31463
 1
-0.12527
-0.89375
-0.06544
 0
 0.12067
 0.5364
 0.50082
 1
 0.42739
-0.37679
-0.37965
 0
-0.21695
-0.0055
-0.11102
 0
 0.54991
 1
 1
 1
-0.16795
-1
-0.12738
-0.1875
 0.14644
 0
 0.24288
 0
 0.46899
 0.58772
-0.1608
 0.60598
 0.05489
 1
 0.77092
 1
 0.38643
 0
 0.52517
 0
 0.38261
 1
 0.37639
 1
 1
 1
-0.40559
-1
 0.46983
 0.44523
 0.0784
-0.8209
-0.13962
 0.09559
 0.08235
 0.33636
 0.25
 0.63966
-0.23043
 0.08978
-0.04754
 0.53215
 0.87493
 0.93945
 0
 0.07348
 0
-0.09002
 0
-0.24719
-0.84848
-0.12493
 0
 0.02966
 0
-0.86402
 0
 0.85671
 0
 0.88248
-0.0897
-0.04762
 0
 0.08436
 0.30729
-0.07287
 0.29091
 0.07547
 0
 0.10417
 0.45489
 0.34328
-0.85727
-0.03096
-0.59212
-0.01271
-0.2
 0.04878
-1
 0.55102
-0.25342
 0.86029
 0.33987
 0.08333
 0.02726
 0
 0.16406
-0.03064
-0.11111
-0.02383
-0.13725
 0.10188
 0.09375
 0.08649
 0.27153
 0
 0.275
 0
 0.05307
 0.56079
 0.0431
 0.03251
-0.02282
 0.31217
 0.0778
 0
-0.03103
-0.06124
-1
 0.10768
 1
 0.11765
 1
-0.11111
 0
 0.1421
-1
-0.22222
-1
-0.27273
 0.51894
 0.11765
-0.59043
 0.125
-0.19071
-0.47265
 0.05702
-0.30539
 1
-0.49639
-1
 0.19409
-1
 1
-1
 0.48981
 0
-0.31997
 0.26042
 0.25283
-1
 0.08172
 1
-0.06861
-0.79313
 0.02105
 1
-0.44119
-1
 0.04545
-1
 0.14706
 1
 0.05028
 0
-0.45455
-1
-0.09091
 0
 0.02534
-1
 0.16731
-1
 0.40552
-1
 0.75
-1
 0.57308
 1
 0.52284
-1
 0.74676
-1
 0.56502
-1
 0.28954
 0
 0.04719
-1
 0.04393
 0.18227
-0.12581
 0.36965
-0.02381
-0.09852
-0.00224
 0
 0.01179
 0
-0.01033
 0.19556
-0.06714
 1
-0.11948
 0
 0.60793
-0.11111
 0.5156
 0.37333
 0.33652
 0.25786
 0.21909
 0.0722
 0.00551
 0.0506
 0.00585
 0.04783
 0.60814
 0.71942
 0.76161
 0.83614
 0.81795
 0.44545
 0.12252
 0.12524
-0.05771
-0.01436
 0.15979
-0.43418
-0.04719
 0.15858
 0.04938
-0.02034
 0.04854
 0.60179
 0.83156
 0.83312
 0.89489
 0.89335
 0.48816
 0.12767
 0.06391
 0.12686
 0.03027
-0.26724
-0.00469
 0.27515
-0.0452
-0.11677
-0.10598
-0.1917
-0.16186
 0.892
 0.9513
 0.71996
 0.77681
 0.8359
 0.66541
-0.07458
-0.01767
-0.08447
 0.28814
-0.08443
 1
 0.93778
 0.78497
 0.83397
 0.78766
-0.01731
-0.14247
 0.72328
 0.6959
 0.58511
 0.06329
 0.04731
 0.0432
-0.02187
-0.01584
 0.01064
 0.15152
 0.67577
 0.62078
 0.55086
 0.36946
 0
 0.00915
-0.00709
 0.02912
 0.00994
 0.03552
 0.0232
 0.02908
 0.58842
 0.50949
 0.24865
 0.07111
 0.0916
 0.03073
 0.05029
-0.06527
 0.00744
-0.48907
 0.06723
 0.0733
 0.04688
-0.01436
-0.00351
 0.60536
-0.51685
 0.54591
-1
 0.34395
-0.04572
 0.74628
 0
 0.90392
-0.33656
 0.90711
 1
 0.93719
 1
 1
-1
 0.94212
 1
 0.78637
 0
 1
-1
 0.87534
 0
 0.93392
 1
 0.87937
 0
 1
 0
 1
 1
 0.82116
 0.83726
 0.76837
 1
 0.97261
 0
 0.92048
 0.82077
 0.79555
 0.17917
 0.5762
 1
 0.89812
 0
 0.95288
-0.54852
 0.93369
-1
 0.91714
-1
-1
 0.88683
 0.94612
-1
 1
 1
 0.94862
-0.61354
 0.89241
 0.12292
 0.81011
 0.01754
 1
 1
 1
 1
-1
 1
 1
-1
 0.8282
 0.20635
 0.94575
 1
 0.91118
 1
 1
 0
 1
 1
 0.70796
 0.0106
 0.73077
 0.57836
 0.72075
 0.56818
 0.52549
-0.1335
 0.77897
-0.20019
 0.50435
 0.56347
 0.55518
 0.23725
 0.06438
-0.13254
 0
 0.74695
 0
 1
 0
 1
 0
 1
 0
 0.87161
 0
 1
 0
-0.04061
 0
-0.2198
 0.01401
 0.30952
 0.68852
 0.77118
-0.34797
 1
 0.36364
 0.62264
 0.28571
 0.54167
-0.95489
 0.72254
 0.91962
 1
-0.30241
 1
 1
 0.29268
 1
 0
 1
-0.20588
-0.79085
 0.7
-0.01586
 0.62162
-1
 0.9526
 1
 0.00741
 0.64706
-0.03685
 0.0625
 1
 1
 1
-0.095
 0.73333
 0.06425
-0.75881
-0.08333
 0.85123
 0
-0.4127
 0.14645
-0.62706
-0.01975
 0.78342
-1
-0.859
 0
-0.96078
 1
-1
 0
 0.86922
-1
 0.77778
 0
 1
 0.36364
 1
 1
 0.70833
 0
 0.91904
 0.35088
 0.71492
 0
 0.63338
 1
-0.86709
 0
-1
-1
 1
 1
 0.03459
 0
 0.73781
-1
 0.91586
 1
 1
-0.09677
 0.98214
 1
 0.75723
 0
 0.90909
-1
 0.94118
-1
 0.78315
 0
 0.63636
 0
 0.48612
 0
 1
 1
-0.82417
 1
 0.66586
 0
 0.5083
-1
 0.25192
 1
 0.69946
 0
 0.31705
 0
-0.8296
 1
 0.68798
 0
 0.98625
 0
 0.68101
 0.7592
 1
 0.08949
 0.62698
 0.05911
 0.79754
 0
 0.90782
 0
 0.93094
 1
 0.86429
 1
 0.51688
 0
-0.4382
 0
-0.81049
-0.12
-0.92384
-0.94053
-0.84442
 0.62936
 0.70772
 0.72322
 0.80738
 0.50435
 0.4921
 0.55311
 0.24266
 0.30459
 0.15664
 0
 0.63907
 0.58634
 0.6426
 0.95947
 0.45361
 0.72517
 0.66517
 0.60194
 0.62469
 0.5322
 0.52427
 0.4313
 0.2514
-0.06827
 0.05167
-0.3973
-0.57377
-0.06333
 0.69737
 0.44747
 0.8268
 0.8941
 0.9611
 0.71598
 0.80791
 0.77495
 0.67935
 0.73715
 0.67849
-0.35737
-0.55926
-0.69767
-0.52735
-0.70747
-0.68421
 0.99382
 0.97055
 0.91324
 0.83051
 0.58333
-0.17416
-0.37604
-0.59435
-0.78751
-0.92145
 1
 0.99264
-0.57165
-0.77106
-0.92819
 0.8481
 0.77441
 0.90738
 0.99828
 0.91881
 0.97518
 0.39394
-0.68714
-0.8268
-0.96631
-0.92857
-0.57576
 0.95732
 0.94326
 0.87235
 0.86303
 1
 1
 1
-0.78658
-0.96986
-0.9765
-0.82811
-0.16412
 0.9917
 0.83121
 0.59361
 0.81815
 0.39208
 0.79307
 0.94625
 0.93954
 0.90608
 0.79262
-0.38223
-0.97515
 0.00299
 0.14516
-0.27457
-0.1554
-0.61436
 0
-0.46381
 0.38602
-0.59017
-1
-0.34412
-0.14767
 0.12785
-0.34265
 0.05269
 1
 0.10976
 0
-0.15616
-1
 0.09831
 0
-0.06598
-1
-0.23433
 0
 0.70758
 0
-0.21975
-1
-0.35924
-1
 0.14638
 0.73393
-0.07917
 0
 0.06211
 0.14137
 0.52321
-1
 0.46086
-1
-0.43796
 0
-0.25099
 0.15452
-0.1279
-0.22414
-0.57486
-1
 0.72526
-1
-0.19497
 1
-0.14522
 1
 0.11224
-0.67708
 0.28343
-0.55
 0.49225
 0.05044
 0.00879
 0.35507
 0.04384
-1
 0.40268
-1
 0.31674
 1
 0.58794
-0.24206
 0.42881
-1
 0.39749
 1
 0.77128
 0
-0.15851
-1
 0.56476
 0.38869
 0.05178
 0.6791
-0.02264
 1
-0.0549
 0.27322
 0.25322
-0.68065
 0.37826
-0.1548
 0.03905
 0.1286
 0.85038
 0.8429
 0
 0.08442
 0
-0.15727
 0
-0.31395
 0
-0.15017
 0
-0.20848
 0
-0.57535
 0
 0.86284
 0
 0.91404
-0.03403
-0.04762
-0.16393
 0.09579
-0.63668
-0.2
-0.41818
-0.0566
-0.07143
 0.02083
 0.28571
 0.37988
 0.88444
-0.05343
 0.65565
-0.02581
 0.07027
 0
 1
 0.5102
 0.23288
 0.82353
-0.02614
-0.06667
-0.00166
-0.05405
-0.00391
-0.00405
-0.3466
-0.01482
-0.09804
 0.06317
 0
-0.06486
 1
 0.06417
 0.21
 0
-0.03352
 0.41743
-0.04598
 0.01675
-0.03281
 0.3254
-0.13501
-0.31079
 0.06065
 0.0351
 1
-0.31044
 0
-0.33333
-1
-0.22222
 0
 0.16228
-1
 0
 0
-0.18182
 0.31439
 0.47059
-1
 0
 0
-0.4817
 0.34649
-0.36078
 0
-0.49967
 1
-0.25527
 0
 1
 1
 0.58986
-1
-0.18947
 0
 0.2738
 1
 0.05097
 1
 0.0661
 1
 0.02487
 1
-0.58899
 0
-0.04545
-0.3125
 0.02941
-0.23476
 0.05756
 0
 0.27273
 0
-0.01343
 0
 0
 1
-0.24942
-1
 0.4836
 0
 0.73586
-1
 0.37115
-1
 0.5882
 0
 0.67697
 0
 0.26906
 1
 0.32925
 0
 0.01858
 0
 0.05058
 0.13712
-0.83519
 0.22957
 0.0119
 0
 0.066
 0
-0.13719
 0
-0.08918
-0.05333
 0.00286
 0.55172
-0.03636
 0
 0.37856
 0
 0.22735
-0.12
-0.05338
-0.05409
-0.24164
-0.08424
 0.21691
 0.05776
 0.00673
 0.02609
 0.58445
 0.74079
 0.79523
 0.90665
 0.83558
 0.48636
 0.19868
 0.03985
-0.06438
-0.01671
-0.11856
 0.54965
 0.00899
-0.01942
 0.0963
 0.07797
 0.00485
 0.66237
 0.84804
 0.89274
 0.93682
 0.82163
 0.28415
 0.07907
 0.14662
 0.13507
 0.03506
 0.19964
 0.10195
-0.03846
-0.13748
-0.18684
-0.00543
 0.0415
-0.03326
 0.775
 0.81018
 0.32558
 0.58425
 0.6549
 0.47744
-0.07149
-0.03887
-0.00228
-0.35593
 0.33333
 1
 0.82223
 0.5207
 0.58045
 0.42314
-0.06374
-0.02542
 0.41471
 0.39309
 0.25133
-0.03797
 0.05407
 0.05018
-0.03087
 0.03366
 0.03546
 0
 0.41524
 0.30356
 0.15192
-0.08867
-0.12121
 0.00305
 0
 0.03382
 0.01151
 0.0373
 0.00884
 0.06488
 0.38778
 0.10345
-0.00337
-0.28723
-0.30534
 0.02338
-0.07399
-0.07289
 0.00854
 0.58743
-0.08929
-0.01326
-0.01461
-0.0453
-0.01054
 0.84356
 0.05499
 0.83775
 0.54094
 0.5294
-0.00343
 0.57945
 1
 0.98305
-0.37133
 0.8923
 1
 0.94486
 1
 1
-0.37681
 0.88809
-1
 0.58373
-1
 0.92124
-1
 0.76544
 1
 0.6917
 1
 0.81051
 1
 1
 1
 1
 1
 0.80681
 0.8227
 1
 0.17589
 0.92561
-1
 0.88899
 0.76929
 0.65954
-1
 0.51067
 1
 0.84922
-0.375
 0.91236
 0.91921
 0.94217
-0.55711
 0.75
 1
-1
-1
 0.9963
-0.02753
 1
-1
 0.90896
 0.80521
 0.85529
 0.22813
 0.78473
-0.51535
 0.97613
 1
 0.9575
 1
-0.39046
 1
 1
 1
 0.73242
 0.21032
 0.89126
 1
 0.81939
 1
 1
 0
 1
 1
 0.60459
 0.18681
 0.7855
 0.66791
 0.76981
 0.50455
 0.58039
 0.02727
 0.69206
 0.85701
 0.38696
 0.16409
 0.81664
-0.02661
-0.12611
-0.3202
 1
 0.70681
 0.72059
 1
 0
 0.99273
 0.59091
 1
 0.36585
 0.93881
 0.37162
 1
 0.62121
-0.17241
 0.67
-0.34168
 0.01108
 0.28571
 0.19672
 0.62727
 0.46429
 0.86889
 0.2
 0.98878
-0.38214
 0.4375
 0.64662
 0.66145
 0.95452
 1
 0.94155
 1
 1
 0.36585
 1
-0.06122
 1
-0.375
-0.98039
 0.53333
-0.00093
 0.32432
 0.95313
 0.9948
 1
 0.00281
 0.54902
-0.03766
 0.15625
 0.95135
 0.81395
 1
-0.0875
 0.7
 0
-0.66455
-0.09483
 0.80099
-0.04708
-0.51587
 0.29062
-0.38391
-0.0409
 0.83719
 1
-0.6603
 1
-0.64706
 0
-0.66667
 0
 0.75
 0
 0.77778
 1
 1
-0.53788
 1
 0
 0.875
 0
 0.73084
 0.72807
 0.47194
 1
 0.37254
 0
-0.62869
 1
-1
 0
-0.375
 0
 0.20269
 0
 0.66775
 0.47364
 0.84628
 0
 0.95802
 0.48684
 1
 1
 0.69748
-1
 1
-1
 1
 0.28301
 0.84211
 0
 1
 0
 0.63636
 0
 0.42857
 1
-0.59383
 1
 0.60101
 0
 0.41629
 1
 0.15215
 1
 0.58548
 0
 0.19128
-1
-0.7894
 1
 0.49672
 0
 0.94277
 0
 0.67023
 0.93478
 0.49259
-0.03891
 0.70833
 0.0197
 0.83669
 0
 0.87138
 0.16458
 0.86025
 1
 0.82857
 0
 0.52727
 0
-0.43663
 0
-0.81136
 0
-0.77356
-0.13117
-0.59714
 0.67509
 1
 0.68615
 0.80622
 0.35652
 0.33354
 0.29452
 0.09134
 0.17959
 0.00396
-0.27491
 0.71854
 0.53131
 0.39199
 0.98497
 0.42268
 0.59584
 0.57303
 0.54369
 0.78272
 0.64068
 0.47087
 0.318
 0.047
-0.28269
-0.24742
-0.58835
-0.6675
-0.06328
 0.72368
 0.29352
 0.74838
 0.88644
 0.91482
 0.55621
 0.51412
 0.78132
 0.88043
 0.63043
 0.54545
-0.65114
-0.73329
-0.81422
-0.7035
-0.87474
-0.74725
 0.97396
 0.95465
 0.86758
 0.54237
 0.55556
-0.33081
-0.52742
-0.7847
-0.93104
-0.94315
 1
 0.95853
-0.75436
-0.85803
-0.92282
 0.63291
 0.64706
 0.87339
 0.99528
 0.93663
 1
 0.56156
-0.77019
-0.8615
-0.93001
-0.38916
-0.33333
 1
 0.93262
 0.95745
 0.83851
 0.97869
 0.97569
 0.98881
-0.83285
-0.91456
-0.23227
-0.47032
-0.10305
 0.93929
 0.74798
 0.42271
 0.82777
 0.76776
 1
 0.97173
 0.94837
 0.91381
 0.85764
-0.38542
-0.62237
-0.13644
-0.3933
-0.2178
-0.10196
-0.68086
 1
-0.35257
 0.15018
-0.66474
-0.29354
-0.28106
-1
 0.10561
 0.03623
 0.1112
-1
 0.18151
 1
-0.31884
-1
 0.0028
-1
-0.07379
-1
-0.6218
-1
 0.82777
 1
-0.38606
 1
-0.33632
-0.17863
 0.39337
 0.70982
-0.13665
 1
 0.12722
 0.15189
 0.60756
-1
 0.49618
 0.13839
-0.52064
-1
-0.344
-0.4627
-0.11583
-0.83297
-0.2952
-1
-0.57779
 1
-0.32268
 0.59152
 0.32407
-1
 0.20119
 0.36146
 0.26721
 0.82813
 0.48311
-1
-0.50126
 0.02672
-0.24598
 1
-0.58634
 1
 0.65701
-1
 0.69065
 0.19444
 0.50391
 1
 0.46059
-1
 1
 0
 0.04895
 1
 0.642
 0.41168
-0.27811
-0.10448
 0.08679
 0.21818
 0.01569
 0.40455
 0.5794
-0.11344
-0.42609
 0.45201
-0.22411
 0.95122
 0.87396
 0.91624
-0.2671
-0.07853
-0.77206
-0.14257
 0
-0.21216
-0.35985
-0.17681
-0.71951
-0.12977
-1
-0.79603
-0.22727
 0.75785
-0.29
 0.75517
-0.00537
-0.11905
-0.14754
 0.25455
 0.15476
 0.05333
-0.01818
-0.00085
 0.51163
-0.22917
 1
 0.40844
-0.05206
-0.05179
 0.16391
-0.01175
-0.11351
 0
-1
 0.55102
-1
 0.67647
-0.83007
 0.2
-0.00883
-0.21622
-0.03516
-0.02659
-0.38853
-0.00893
-0.11765
 0.03458
-0.15625
 0.09189
 0.04651
 0.04813
 0.235
 0.1
 0.09497
 0.07208
 0.08046
-0.00788
-0.02853
 0.06878
-0.04805
-0.62157
 0.0268
-0.06796
 1
-0.55262
-1
-0.68627
 0
-0.77778
 0
 0.25
 0
 0
 0.75
 0.09091
 0.32955
-0.05882
 0
 0.04167
 0
-0.65224
-0.03947
-0.61189
-1
-0.70729
 0
-0.65612
-1
 0
 0
 1
 0
-0.29441
 0
 0.28714
 1
-0.25324
 0
-0.18954
 0.46502
-0.13074
-1
-0.58019
-1
 0
-1
 0
-1
 0.47368
 0
-0.63636
 0
-0.18182
 0
-0.14286
-1
-0.63342
 1
 0.51752
 0
 0.82742
 1
 0.51877
-1
 0.66893
 0
 0.76818
-1
-0.08205
 1
 0.17287
 0
 0.07135
 0
 0.05692
-0.25084
 0.01852
 0.36965
 0.02579
-0.02956
-0.16555
 0
-0.06109
-0.45417
-0.05057
-0.81556
-0.05429
 0
-0.05974
 0
 0.16709
 0
-0.12539
 0
-0.44707
-0.14329
-0.61894
 0.09146
 0.06066
-0.08923
-0.12447
 0.19565
 0.67861
 0.82193
 0.79598
 0.93429
 0.8521
 0.42014
 0.42715
-0.03416
 0.0453
 0.01002
 0.06186
 0.13857
 0.02472
-0.04531
-0.17531
 0.11864
-0.1068
 0.70443
 0.85475
 0.72073
 0.83939
 0.62867
 0.10591
 0.04097
-0.42669
 0.02922
 0.01943
-0.04642
 0.03756
 0.12426
-0.24482
-0.21231
-0.20924
-0.00395
-0.13525
 0.6221
 0.62385
 0.41195
 0.31291
 0.3675
 0.19492
-0.09532
-0.04064
-0.08676
 0.01695
 0.02778
 0.98722
 0.71161
 0.26529
 0.2602
 0.09585
-0.07157
-0.15518
 0.16755
 0.08408
-0.15315
-0.36709
 0.19328
 0.02842
-0.03238
 0
-0.03191
 0.04561
 0.09898
-0.05365
-0.25554
-0.34236
-0.48485
 0.02744
 0.20213
 0.07801
-0.06211
 0.02131
 0.00773
 0.03356
-0.00642
-0.31412
-0.19909
-0.71725
-0.39695
 0.05713
 0.06705
-0.26409
-0.06974
 0.31831
-0.02101
 0.0014
 0.02004
-0.00884
-0.04569
 0.58212
 0.33109
 0.75535
-1
 0.45107
-0.11575
 0.37852
-1
 0.84537
 0.63728
 0.69876
 1
 0.90137
 1
 1
 1
 0.86104
-1
 0.14395
 1
 0.86473
-1
 0.75206
-1
 0.65731
 1
 0.12245
-1
 1
-1
 1
 1
 0.75243
 0.8076
 1
 1
 0.94184
 1
 0.83744
 1
 0.57619
 0.0875
 0.31639
 1
 0.87433
-1
 0.90581
 1
 0.79682
 0.7694
 0.86676
-1
-1
 0.8384
 0.90343
-0.42113
 1
 1
 0.96741
 0.51979
 0.83656
 1
 0.65091
 0.14254
 0.80025
 0.58424
 0.84371
 1
-0.97907
 1
 1
 1
 0.69003
 0.46429
 0.75906
 1
 0.78619
-1
 1
-1
 1
 1
 0.51247
 0.10567
 0.65976
 0.46642
 0.61887
 0.66818
 0.50196
-0.34773
 0.7103
 0.77979
 0.36087
 0.33746
 0.42445
-0.50998
-0.28739
-0.52145
 0.36482
 0.63613
 0.73529
 0.9831
 0
 0.98678
 0.45076
 1
 0.56098
 0.98298
 0.33108
 0.76771
 0.84091
-0.341
 0.84
-0.5136
 0.00342
 0.33333
 0.65558
 0.68182
 0.54762
 0.88
 0.36364
 0.5283
 0.2381
 0.35417
 0
 0.95472
 0.88673
 0.9384
 0
 0.98485
 0
 0.31707
 0
-0.20408
 0
-0.5
-0.60131
 0.41667
 0.0047
 0.71833
 0.92188
 0.99769
 1
 0.00078
 0.54902
-0.0323
 0.4375
 0.97838
 0.90698
 0.91444
-0.34187
 0.66667
-0.06425
-0.65426
-0.04023
 0.79113
-0.01712
-0.5
 0.18993
-0.12797
-0.02398
 0.8357
 1
-0.1926
 1
-0.23529
 0
 0.55556
 0
 0.75
-1
 1
 0
 1
 0.12121
 1
 0.82979
 1
 0
 0.68131
 0.22807
 0.40473
 0
 0.2707
 1
-0.25105
 1
-1
-1
 1
-1
 0.15196
 0
 0.59615
 1
 0.87379
 1
 0.83584
 0.31755
 0.95663
 0
 0.59623
-1
 1
 1
 1
 1
 1
 0.3141
 1
 0
 0.45455
 0
 1
 1
-0.24012
 1
 0.53392
 0
 0.25539
 1
-0.09808
 1
 0.48869
 0
 0.04686
 0
-0.6278
 1
 0.64333
 0
 0.98551
 0
 0.63403
 0.70736
 0.82222
 0.05058
 0.60317
-0.12808
 0.6868
 0
 0.90782
 0.59167
 0.89451
 0
 0.81
 0
 0.55325
 0
-0.36676
-1
-0.67474
-1
-0.4695
-0.30315
-0.19354
 0.67148
 0.61029
 0.61692
 0.77935
 0.42174
 0.29587
 0.21137
-0.09159
-0.00701
-0.1639
-0.56136
 0.54305
 0.6945
 0.71254
 0.91152
 0.5
 0.6351
 0.64719
 0.46926
 0.73827
 0.56949
 0.43204
 0.28379
-0.12193
-0.43707
-0.42811
-0.76305
-0.47359
-0.05431
 0.76128
 0.48158
 0.80019
 0.84452
 0.71026
 0.4142
 0.81544
 0.61996
 0.83424
 0.63636
 0.52993
-0.78768
-0.90995
-1
-0.75821
-0.91814
-0.7218
 0.97264
 0.9523
 0.97032
 0.55932
 0.25
-0.61382
-0.68358
-0.84014
-0.93641
-1
 1
 0.84013
-0.69977
-0.81641
-0.76064
 0.87342
 0.84034
 0.95866
 0.99314
 0.94257
 0.89716
 0.51515
-0.69397
-0.73564
-0.71863
-0.46552
-0.09091
 0.94207
 0.95035
 0.95035
 0.85714
 0.98579
 0.97901
 1
-0.69318
-0.70163
-0.30522
-0.04759
 0.18702
 0.93552
 0.78324
 0.58213
 0.76531
 0.78552
 0.96639
 0.94834
 0.93784
 0.80773
 0.8717
-0.32192
-1
-0.0854
-0.54467
-0.17813
-0.05414
-0.73641
-1
-0.6602
 0.22115
-0.70997
-0.93599
-0.43383
-1
 0.27087
-1
 0.08631
 1
 0.41224
 1
-0.34534
 1
-0.05295
 1
-0.20367
-1
-1
-1
 0.95099
-1
-0.46162
-0.85583
-0.47022
-0.28257
 0.2659
 0.78036
-0.14327
 1
 0.14439
 0.41003
 0.62999
-1
 0.12967
-1
-0.57075
-1
-0.32152
-0.50424
-0.192
 0.63147
-0.20104
 1
-0.42052
 1
-0.35902
-0.42113
-0.17639
-1
 0.16265
 0.14375
 0.33129
-0.42292
 0.56977
-0.03289
-0.24497
-0.43025
-0.08668
 1
-0.42822
 1
 0.53846
-1
 0.7314
 0.78175
 0.58801
 1
 0.46994
 1
 1
 1
-0.61538
-1
 0.64924
 0.36353
-0.01479
-0.11567
-0.07925
 0.1
 0
 0.12727
 0.39056
-0.15729
-0.26087
 0.03406
-0.04244
 0.84922
 0.79617
 0.79525
-0.63518
 0
-0.60294
-0.11813
 0
-0.21018
-0.80682
-0.20491
-1
-0.08935
-1
-0.88952
-1
 0.65747
-1
 0.64527
 0.00097
 0.04762
-0.17176
 0.12727
 0.05952
-0.03778
 0.05455
 0
 0.02381
-0.22917
 0
 0.59862
 0.18135
 0.01557
 0
 0.00025
 0
 0.07317
 0
 0.55102
 0
 0.47794
-0.54248
-0.01667
-0.00153
-0.17666
-0.02734
 0.01792
-0.42862
-0.00523
-0.21569
 0.01532
-0.375
-0.00541
 0.11628
 0.04278
 0.31408
 0.1
 0.07542
-0.19525
 0.05172
-0.02956
 0.03566
-0.1164
 0.07323
-0.69287
-0.00423
-0.1419
 1
-0.86063
 1
-0.86275
 0
-1
 0
 0.5
-1
-0.11111
 0
 0
-0.14773
-0.11765
-0.07979
 0.08333
 0
-0.63544
 0.5307
-0.55059
 0
-0.72109
 1
-0.85654
 1
-0.66667
-1
 0
-1
-0.29052
 0
 0.29304
 1
-0.14482
 1
-0.15633
-0.27461
 0.07717
 0
-0.57579
-1
 0
-1
 0
 1
 0.05263
 0.92949
-0.27273
 0
 0
 0
 0.03617
-1
-0.82881
 1
 0.5218
 0
 0.85952
-1
 0.575
 1
 0.70398
 0
 0.76171
 0
-0.30942
-1
-0.02845
 0
-0.00706
 0
-0.04662
 0.18729
-0.05926
 0.24903
 0.01587
-0.2069
-0.0906
 0
-0.02358
-0.18333
-0.04024
 0
-0.11857
 0
-0.01039
 0
 0.00678
 1
-0.38102
-1
-0.73285
-0.44615
-0.87787
 0
 0.05147
 0.16308
-0.03536
 0.14783
 0.63548
 0.79777
 0.76261
 0.93109
 0.77853
 0.36818
 0.13907
 0.16888
 0.01394
-0.08848
-0.2732
 0.2194
-0.07416
-0.10032
-0.10864
-0.02373
 0.00485
 0.68873
 0.79749
 0.61688
 0.75554
 0.40368
-0.06193
 0.01408
 0.04511
 0.15756
 0.02405
-0.00991
 0.02683
 0.11538
-0.14313
-0.10191
 0.03261
-0.11858
-0.04656
 0.45535
 0.362
-0.00775
 0.03939
 0.05595
-0.04887
-0.12224
-0.04711
-0.21233
 0.0339
-0.19444
 1
 0.67989
 0.03928
-0.06418
 0.03191
 0.059
 0.61739
-0.09856
-0.24017
-0.48404
-0.01266
 0.04202
 0
-0.03452
 0.01386
-0.03191
 0.0303
-0.13652
-0.34275
-0.59379
-0.82512
-0.84848
-0.0122
-0.00709
 0.04255
 0.02484
 0.05684
 0.01657
 0.03579
-0.32963
-0.65461
-0.48886
-0.86002
-0.17557
 0.05279
 0.06358
 0.04992
 0.03881
 0.11339
 0.06618
 0.06038
 0.01393
-0.12928
-0.03515
 0.56971
-0.13151
 0.70887
-0.69975
 0.05982
 0.01838
 0.36324
 0
 0.75346
 0
 0.70645
 1
 0.86043
 0.61831
 1
 0
 0.81633
 1
 0.53888
-1
 0.91693
-1
 0.65961
 1
 0.9491
 1
 0.90284
 1
 1
 1
 1
 1
 0.70555
-0.25914
 0.96354
 1
 0.99589
-1
 0.80983
 0.6585
 0.47807
 1
 0.37824
 1
 0.79016
 0
 0.89991
-0.29735
 0.88274
 0
 1
 0
-1
 1
 0.91428
-0.74628
 0.99484
-1
 0.99695
 0
 0.83393
 0
 0.56553
 0.32675
 0.88065
 1
 1
 1
-0.73083
 1
 1
-0.75
 0.54473
 0
 0.80644
 1
 0.794
-1
 0.74468
-1
 1
 1
 0.39903
 0.04325
 0.78698
 0.65574
 0.75849
 1
 0.45882
-0.20028
 0.73176
-0.06959
 0.26957
 0.50464
 0.34975
-0.102
-0.46635
-0.68274
 0.97068
 0.70021
 0
 1
 0
 1
 0
 1
 0
 0.89876
 0
 0.96601
 1
-0.48199
 0
-0.64527
 0.00048
 0.30952
 0.67213
 0.70674
-0.5183
 1
 0.12727
 0.5283
 0.45238
 0.33333
 0
 0.53258
 0.98484
 0.9762
 0
 1
 1
 0.26829
 0
-0.28571
 0
-0.73529
-0.04575
 0.31667
 0.00138
 0.62162
-0.99219
 0.93584
 0
-3e-05
 0.58824
-0.02474
 0
 1
 1
 0.96791
-0.48
 0.73333
-0.04749
-0.52475
 0.02011
 0.75961
 0.0214
-0.14815
 0.1167
 0.49909
 0.04372
 0.88125
-1
 0.28444
 1
 0.35294
-1
-0.22222
 0
 0.75
 0
 0.77778
 0
 1
 0.01894
 1
-0.25
 0.66667
 0
 0.8245
 0
 0.61041
 0
 0.40506
 1
 0.16245
 0
-1
-1
 1
 0
 0.09513
-0.19792
 0.52494
 0.68839
 0.84871
 1
 0.974
-0.14343
 1
 1
 0.68459
 1
 0.86364
 1
 0.76471
-0.31402
 0.7255
-0.35256
 0.90909
-1
 0.36364
-1
 1
 1
 0.18823
 1
 0.48435
-1
 0.13712
-1
-0.03462
 1
 0.44245
 0
-0.12064
 0
-0.46637
 1
 0.57399
 0
 0.9777
-1
 0.64503
 0.64883
 0.98215
 0.24903
 0.47817
 0.06897
 0.62528
 0.00759
 0.87996
 0
 0.88418
 1
 0.76857
 0
 0.48571
 0
-0.26477
 1
-0.38334
 0
-0.10237
-0.11409
 0.12439
 0.58965
 0.67463
 0.66233
 0.76365
 0.42174
 0.09599
 0.09709
-0.20201
-0.1888
-0.35996
-0.36591
 0.65232
 0.72676
 0.5597
 0.95016
 0.54639
 0.63279
 0.56854
 0.64725
 0.48642
 0.5322
 0.34951
 0.07515
-0.2618
-0.55769
-0.50251
-0.81262
-0.81056
-0.04166
 0.66917
 0.32835
 0.80862
 0.97882
 0.81221
 0.52767
 0.70245
 0.79193
 0.86413
 0.79249
 0.47894
-0.81856
-0.92254
-0.78973
-0.71225
-0.89824
-0.6203
 0.99294
 0.94229
 1
 0.59322
 0.47222
-0.52674
-0.70163
-0.62041
-0.87028
-0.66431
 1
 1
-0.57695
-0.64579
-0.50931
 0.93671
 0.71285
 0.89097
 1
 0.90495
 0.8617
 0.78788
-0.49488
-0.51778
-0.41546
-0.05419
 0.48485
 0.90854
 0.91489
 0.85597
 0.84182
 0.97158
 0.98011
 0.99776
-0.52504
-0.32354
-0.14426
 0.23292
 0.34012
 0.97738
 0.86763
 0.49736
 0.76979
 0.47541
 0.87605
 0.9267
 0.91406
 0.88729
 0.81722
-0.29674
-0.453
-0.27502
 1
-0.35575
 0.03669
-0.76562
 0
-0.60589
 0
-0.7632
 1
-0.47308
 0.15803
 0.44758
 0
 0.1183
-1
 0.21326
 1
-0.44072
 1
-0.07905
 1
-0.31558
-0.62796
 0.11053
-1
 1
-1
-0.35519
 1
-0.47153
 0.9273
-0.01891
 0.85268
-0.14248
 1
 0.11849
 0.16371
 0.67135
-1
 0.54462
-0.03393
-0.59839
 0
-0.34691
-0.31454
-0.17387
 0
 1
 0
-1
-1
-0.27316
-1
-0.18949
-1
 0.14258
 0
 0.31698
 0
 0.58071
-0.4386
-0.19095
 0.63496
 0.0415
 1
-0.76339
 1
 0.61267
 1
 0.6882
 0
 0.59962
-1
 0.56282
 1
 1
 1
-0.26573
 1
 0.66975
 0.30745
 0.06953
 0.14792
-0.23774
-0.3
 0.06667
 0.05078
 0.27575
 0.5081
 0.11739
 0.07121
 0.06621
 0.38803
 0.65924
 0.49508
-1
 0.11355
 0
-0.18519
 0
-0.27165
 0
-0.23452
 0
 0.00075
 0
-1
-1
 0.56092
 0
 0.44614
 0.00075
 0
 0.03279
 0.12608
 0.44961
-0.11526
 0.49091
 0.07547
 0.04762
 0.08333
 0
 0.44088
-0.69594
-0.09284
 0
-0.02612
-0.21081
 0.12195
 0
 0.44898
 0
 0.38235
-0.83007
 0.2
 0.00238
 0.05405
 0.11719
-0.04971
-0.25
-0.00299
-0.19608
 0.00357
-0.09375
 0.06486
 0.5067
 0.02139
-0.08
-0.03333
 0.02514
-0.44
 0.02299
 0.0335
 0.00428
-0.1455
 0
-0.6362
-0.02539
 0.01195
 1
-0.80496
 1
-1
-1
-0.77778
 0
 0
 0
-0.11111
 0
-0.36364
-0.53409
 0.35294
 1
-0.08333
 0
-0.78316
 0
-0.39328
 0
-0.54172
 1
-0.86498
 0
-0.92536
 1
 0.92001
 0
-0.31525
-0.21875
 0.292
-1
 0.26133
 1
 0.03728
-0.20188
 0.00191
 1
-0.70975
-1
 0.09091
-1
 0.11765
-1
 0.07631
 0.74359
-0.45455
 1
-0.09091
-1
-0.28571
 1
-0.78699
 1
 0.54212
 1
 0.85615
-1
 0.42885
 1
 0.68159
 0
 0.76969
 0
-0.55605
-1
 0.42528
 0
 0.0498
 1
 0.06856
 0.24582
-0.19938
 0.09728
-0.02778
 0.01478
-0.01342
 0.68101
-0.14577
 0
-0.12126
-0.04
-0.08429
 0
-0.03377
 0
-0.09025
 1
-0.62861
 0
-0.82217
-0.85597
-0.89064
 0.10108
 0.04228
 0.07573
 0.00909
-0.02609
 0.68104
 0.82162
 0.66926
 0.89383
 0.76193
 0.18864
 0.27815
 0.07211
-0.08039
-0.02364
 0.18557
-0.25404
 0.14157
 0.14887
 0.00988
 0.00678
 0.05825
 0.73696
 0.80754
 0.4812
 0.62563
 0.18888
-0.06011
-0.0028
 0.20489
 0.14616
 0.04901
-0.34024
-0.08048
 0.02842
-0.00377
-0.15711
-0.05978
-0.25296
-0.19512
 0.19095
 0.0604
-0.41085
-0.15317
-0.26173
-0.28195
-0.05252
-0.02179
 0.10274
 0.30508
-0.05556
 0.71699
 0.24956
-0.31351
-0.40949
-0.66278
-0.10108
-0.16321
-0.23503
-0.50022
-0.76197
 0.06329
 0.07122
 0.07047
-0.03881
 0.00792
 0.07801
 0.18182
-0.42207
-0.62443
-0.85205
-0.93596
-0.57576
 0.02439
 0.00709
 0.04743
 0.01603
 0.04796
 0.00663
 0.09396
-0.53924
-0.88999
-0.89991
-0.76316
-0.11953
 0.05524
-0.0237
-0.08771
 0.01148
-0.44945
 0.01155
 0.08412
 0.07677
 0.01215
-0.0949
 0.36946
-0.18056
 0.43385
 0
 0.02309
 0.01519
 0.31898
 0
 0.69637
 0
 0.63081
 1
 0.82987
 1
 1
 0
 0.83668
-1
 0.5142
 1
 0.9606
 0
 0.64158
 0
 0.80852
 1
 0.62357
 0
 0.98042
 1
 1
 1
 0.6615
 0.51933
 0.92599
 1
 0.94815
-1
 0.77041
 0.60138
 0.40553
-1
 0.31274
-0.84286
 0.74725
 0
 0.87874
-0.73864
 0.86257
 0.53448
 0.4661
 1
-0.52838
-1
 0.9014
-1
 0.95601
 1
 0.90784
-1
 0.74829
 0.08333
 0.55586
-1
 1
 0.8913
 0.99933
 1
-0.37671
 1
 1
 1
 0.48339
 0
 0.79578
-1
 0.70331
-1
 0.89647
 1
 1
 1
 0.34232
-0.00083
 0.34615
 0.83209
 0.73962
 0.98636
 0.58039
-0.18636
 1
-0.34128
 0.53246
-0.63777
 0.28183
-0.42572
-0.57135
-0.77408
-1
 0.68183
 0.18382
 1
 0
 0.93126
 0
 1
 0
 0.87836
 0
 0.7012
 0
-0.6023
 0
-0.74102
-3e-05
 0.21429
 1
 0.68604
-0.47651
 1
 0.61818
 0.9519
 0.16667
 0.25
 0.6203
 0.46773
 0.8667
 0.97889
-0.18043
 1
 1
 0.23698
 1
-0.28571
 1
-0.86029
 0.94118
 0.7
-0.00114
 0.75676
-0.93359
 0.93815
 1
-0.00028
 0.66667
-0.01726
 0
 1
 1
 0.9893
 0.29908
 0.76667
 0.02793
-0.30851
-0.03736
 0.74778
 0.05136
-0.14815
 0.11213
 0.71481
 0.01834
 0.90515
 1
 0.64649
 0.3125
 0.7451
-1
 0.77778
 0
 1
 0
 0.66667
-1
 1
-0.57576
 1
 0.17021
 0.75
-0.05128
 0.58829
-0.29825
 0.53176
 1
 0.33509
 0
 0.51477
 1
-1
 0
 1
 1
 0.06556
-0.16667
 0.45582
-1
 0.75081
 1
 0.99624
-0.11976
 0.90306
 1
 0.54465
-0.6
 0.77273
 0
 0.88235
-1
 0.70301
-0.34615
 1
 1
 0.27273
 0
 1
 1
 0.51557
 1
 0.42546
 1
 0.00494
-1
-0.08856
 1
 0.35289
 0
-0.18479
 1
-0.16449
 1
 0.5312
 0
 0.96358
 1
 0.63077
 0.60201
 1
 0.07782
 0.59127
 0.06897
 0.60962
-0.2
 0.82851
 0
 0.88907
 1
 0.84286
 0
 0.49091
 0
-0.16178
 1
-0.13013
 1
 0.26384
 0.02668
 0.51109
 0.5006
 0.52022
 0.63878
 0.74635
 0.32174
 0.02066
-0.01734
-0.30263
-0.33023
-0.43087
-0.40533
 0.68874
 0.32068
 0.5343
 0.94636
 0.42268
 0.70951
 0.57528
 0.39159
 0.60988
 0.71525
 0.18932
 0.06338
-0.37835
-0.65
-0.65515
-0.81317
-0.33197
-0.02876
 0.84774
 0.29495
 0.80259
 0.78954
 1
 0.51183
 0.33333
 0.89384
 0.97283
 0.66403
 0.50776
-0.83943
-0.93618
-0.76901
-0.58315
-0.73969
-0.49165
 0.95278
 0.92815
 0.92009
 0.86441
 0.52778
-0.885
-0.79147
-0.47412
-0.65079
-0.4601
 1
 0.87492
-0.40637
-0.39766
-0.14895
 1
 0.68895
 0.8843
 1
 0.88713
 1
 0.30303
-0.32537
-0.23428
-0.0225
 0.25616
 0.57576
 0.91463
 0.80496
 0.84931
 0.83486
 0.94494
 0.98122
 0.95749
-0.27377
 0.05865
 0.09345
 0.56663
 0.28626
 1
 0.78844
 0.46241
 0.75071
 1
 0.77521
 0.93124
 0.8947
 0.92155
 0.71002
-0.47357
-0.35734
-0.12062
 0
-0.52879
 0.00888
-0.79753
 0
-0.64225
 0
-0.80544
 1
-0.5122
 0.62349
 0.4175
 0
 0.14442
 1
 0.22625
 0.5625
-0.46866
 0
-0.05929
 0
-0.31654
-1
-0.78547
 0
 1
-1
-0.59661
-1
-0.50085
 0.05456
-0.91338
-1
-0.13565
 1
 0.14222
 0.16516
 0.6884
 1
 0.55826
 1
-0.64615
 0
-0.37643
 0.37361
-0.18739
 0.35668
-0.1629
-1
-1
-1
-0.29807
-0.46801
-0.20081
 1
 0.1641
-0.27083
 0.39597
-1
 0.6472
 1
-0.12312
 0.26585
 0.27376
-1
-0.97491
 1
 0.59457
-1
 0.76197
 0
 0.62758
-1
 0.58129
 1
 1
 1
-1
 1
 0.68343
 0.24936
-0.18639
 0.45522
-0.14717
-1
 0.08235
 0.36364
 0.34871
 0.80934
-0.03845
-0.6161
-0.20883
 0.23725
 0.53805
 0.33537
-1
 0.12185
-1
-0.19272
 0
-0.39458
 0
-0.26571
 0
-0.05882
 0
-0.74896
 0
 0.40996
 0
 0.29162
 0.00019
-0.11905
-0.29508
 0.13493
-0.47594
-0.18667
 0.16364
-0.00112
-0.2619
 0.1875
 0.20301
 0.44511
-0.85755
-0.05318
-1
-0.04744
-0.41622
 0.05813
-0.27778
 0.32653
 1
 0.08824
-0.94118
 0
 0.00102
 0.13514
 0.34766
-0.0237
-0.50333
-0.00166
-0.23529
-0.00273
 0
 0.04324
-1
-0.01604
 0.33176
 0
-0.00559
-0.55089
-0.01149
 0.05517
-0.02282
-0.38095
-0.00229
-0.3766
 0
 0.0224
-1
-0.3523
 1
-0.72549
 1
-0.22222
 0
-0.25
 0
-0.11111
 1
 0.09091
 0.17803
 0.41176
-0.70745
 0.16667
-0.06571
-0.74785
-0.16228
-0.32681
 1
-0.59691
 0
-0.66878
-1
-0.33333
 0
 1
 1
-0.26795
 0.90625
 0.28476
-1
-0.03641
-1
 0.09242
 0.06895
 0.30804
-1
-0.87327
-1
 0.09091
 0
 0.02941
-1
 0.08141
-0.80769
 0.0775
-1
 0.18182
 0
 0
 1
-0.5743
-1
 0.55684
 1
 0.88869
-1
 0.44424
-1
 0.75622
 0
 0.71327
 1
-0.64338
-1
 0.44872
 0
 0.07098
 1
 0.07381
 0.77425
 0.22037
 0.29961
 0.0377
 0.02956
 0.11745
 0.33671
-0.12433
 0
-0.11909
-0.18667
-0.05
 0
-0.01039
 0
-0.12964
-1
-0.70762
-1
-0.7757
-0.22786
-0.72454
 0.03129
-0.25
 0.08041
 0.00978
-0.11304
 0.72236
 0.7987
 0.6261
 0.82492
 0.65385
 0.07588
 0.07285
 0.05882
-0.08453
-0.02591
 0.08247
 0.15359
-0.03596
 0.21683
 0.08148
-0.0339
 0.25728
 0.71284
 0.71676
 0.35534
 0.50428
-0.04284
-0.47592
-0.01176
-0.40977
 0.14638
 0.05352
-0.25101
 0
-0.10651
 0.06215
-0.03397
-0.27989
-0.28656
-0.13525
-0.08079
-0.19838
-0.45478
-0.39168
-0.54069
-0.53463
-0.08914
-0.04417
-0.05251
 0.05085
-0.02778
 0.47894
 0.02995
-0.48905
-0.67464
-0.78174
-0.02685
-0.08495
-0.38287
-0.68337
-0.88591
 0.25316
 0.07577
 0.07697
-0.05039
-0.01782
 0.0922
-0.15152
-0.57679
-0.73855
-0.93788
-0.20443
-0.42424
 0.05488
 0.07092
 0.05178
 0.01749
 0.05506
 0.02099
 0.07383
-0.68126
-0.94172
-0.28916
-0.52128
-0.16031
 0.06241
-0.06012
-0.08989
 0.01232
 0.00683
 0.06618
 0.10087
 0.06148
-0.0232
 0.04394
 0.56811
-0.20332
 0.57528
 1
 0.03286
 0.03513
 0.22792
 1
 0.85106
-0.14803
 0.55867
 1
 0.8408
 1
 1
-0.16253
 0.81329
-1
 0.48838
-1
 0.81874
 0
 0.55677
-1
 0.84932
 1
 0.55389
 1
 0.91624
 1
 1
 0
 0.61297
 0.65493
 1
 1
 0.89469
 1
 0.75755
 0.54446
 0.34384
-1
 0.24856
 0.5375
 0.68282
-1
 0.86213
 0.83872
 0.88487
-0.90302
 0.90066
 1
 0.90014
-0.18856
 0.99899
-1
 1
 1
 0.91667
-0.84792
 0.76193
-0.10625
 0.48311
 0.80921
 0.93593
 0.91033
 1
 1
 0.41366
 1
 0.89593
 1
 0.40615
 0.73413
 0.66643
 1
 0.67077
 1
 0.64628
 1
 1
 1
 0.23693
-0.02862
 0.65385
 0.47015
 0.84906
 0.57273
 0.49804
-0.14003
 0.5676
 0.78932
 0.31304
 1
 0.51731
-0.91574
-0.68159
-0.85376
 1
 0.67016
-1
 0.98971
 0
 1
 0.24242
 1
 0
 0.93368
-0.42568
 0.61946
 0
-0.59234
 0.21
-0.70838
-3e-05
 0.35714
 0.31148
 0.74545
 0.32143
 0.84444
 0.32727
 1
-0.57255
 0.39583
-1
 0.4044
 0.28604
 0.91567
 0
 0.96019
 0
 0.21951
 0
-0.61224
 0
-0.74265
-1
 0.25
-0.00069
 0.35135
 0.95703
 0.97052
 1
-0.00031
 0.45098
-0.01097
 0.03125
 0.97838
 0.8062
 0.96257
-0.58
 0.63333
 0.00838
-0.04119
 0.03161
 0.72611
 0.05136
-0.2328
 0.15103
 0.73857
 0
 0.79686
 1
 0.77814
 1
 0.92157
 1
 0.33333
 0
 0.5
-1
 0.66667
 0
 1
 0.29167
 1
 0
 0.83333
 0.07853
 0.67033
 1
 0.23966
-1
 0.1475
-0.71528
 0.74895
-1
-0.33333
 1
 1
 1
 0.03004
-1
 0.39023
 0.82937
 0.84547
 1
 1
 0.03021
 1
 1
 0.49214
 1
 0.90909
 1
 0.85294
 1
 0.42105
 0
 1
-1
 0.36364
 0.29839
 0.28571
 1
 0.69274
 1
 0.3334
 0
-0.07361
 1
-0.14943
 1
 0.26832
 0
-0.29291
 0
 0.09562
 1
 0.9453
 0
 0.93274
 0
 0.84033
 1
 0.6963
-0.02494
 0.5
 0.07882
 0.71253
-0.1038
 0.90139
 0.9875
 0.8298
 0
 0.77
 0
 0.59221
 0
-0.07782
 0
 0.15552
 0
 0.55984
 0.27942
 0.79143
 0.65945
 0.72978
 0.60154
 0.79632
 0.47391
-0.08748
-0.15144
-0.40552
-0.46534
-0.5314
-0.38483
 0.51872
 0.53321
 0.47038
 0.98164
 0.70619
 0.64665
 0.46517
 0.52427
 0.66667
 0.52881
 0.31068
-0.16489
-0.51034
-0.64658
-0.68851
-0.75273
-0.12897
-0.01755
 0.6485
 0.26436
 0.77336
 0.86661
 0.71764
 0.47929
 0.56121
 0.84926
 0.85054
 0.67194
 0.41463
-0.78334
-0.83192
-0.57242
-0.37199
-0.50757
-0.26577
 0.97352
 0.92049
 0.92466
 0.40678
 0.38889
-1
-0.98988
-0.37298
-0.36799
-0.13486
 1
 0.85741
-0.17437
-0.11147
 0.21581
 0.62025
 0.66387
 0.83721
 1
 0.89307
 0.90071
 0.48526
-0.02844
 0.06911
 0.36318
 0.73792
 1
 0.99695
 0.91135
 0.87234
 0.79503
 0.98401
 0.97127
 1
 0.00806
 0.44483
 0.28307
 0.743
 0.21645
 0.94155
 0.74451
 0.45008
 0.77138
 0.60656
 0.95378
 0.9452
 0.93988
 0.9105
 0.86467
-0.51171
-0.26569
-0.4022
 0.90695
-0.65158
-0.01535
-0.81634
 1
-0.6544
-0.01326
-0.89128
-0.40888
-0.47137
-0.17012
 0.20033
 0.92236
 0.13412
 1
 0.23724
 1
-0.40372
 0
-0.07705
-1
-0.34838
-1
-0.82868
-1
 1
 1
-0.47643
 0
-0.48086
-0.20392
 0.14803
 0.85357
-0.20851
-1
 0.11299
 0.1639
 0.72082
-1
 0.56527
 0.85714
-0.68479
-1
-0.4299
-0.46734
-0.19689
 0.44828
-0.02778
-1
-1
 1
-0.40747
 0.2381
-0.92284
-1
 0.22431
 0.9625
 0.34658
-0.16667
 0.55236
-1
 0.10678
-0.33333
-0.39056
-1
-1
 1
 0.68326
-1
 0.74689
 0.27381
 0.63942
-1
 0.59723
-1
 1
-1
-0.58042
-1
 0.76146
 0.19405
 0.02811
 0.16418
-0.15094
 0.32727
 0.00392
-0.04802
 0.52039
-0.03718
-0.12174
 0.65635
-0.03176
 0.8071
 0.39951
 0.17849
-0.59609
 0.15445
-1
-0.22083
 0
-0.19233
 0.17803
-0.29852
 0
-0.19872
-1
-0.76904
 0
 0.25747
 0.68
 0.03591
 2e-05
-0.04762
-0.34426
 0.22727
 0.70238
 0.03556
 0.16364
 0.79245
-0.10234
-0.1875
-1
 0.44199
-0.30063
-0.15675
 0
-0.04527
 0
 0.09756
 0
 0.22449
 0
-0.125
-0.43137
 0.13333
-0.0005
-0.2973
-0.00391
-0.04451
-0.27778
-0.0009
-0.2549
-0.00539
-0.46875
 0.09189
 0.03876
 0.05348
-0.24
 0.13333
 0.00559
-0.64792
-0.00862
-0.01478
 0.01854
 0.00265
-0.10297
-0.05484
-0.01269
-0.01942
-1
-0.23324
 1
-0.21569
 0.4375
 0
 0
 0.5
-1
 0
 0
-0.09091
-0.27273
-0.11765
 0
-0.125
 0.08974
-0.96296
-0.66667
-0.52142
 1
-0.63601
 1
-0.28903
-1
-1
-1
 1
-1
-0.25124
 0.5
 0.27226
 0.36508
-0.02589
 1
-0.01253
 0.06639
-0.14541
 1
-0.73333
 1
 0.04545
-1
 0.02941
-1
 0.21053
 0
-0.09091
 1
-0.09091
 0.23387
-0.28571
-1
-0.24843
 1
 0.55274
 0
 0.7978
 0
 0.40006
-1
 0.7621
 0
 0.65708
 0
-0.61055
-1
 0.57549
 0
 0.08101
 0
 0.18065
-0.53846
-0.26481
 0.28482
 0.03968
 0.16256
-0.09508
 0.35696
-0.19507
-0.40833
-0.14138
 0
-0.06857
 0
 0
 0
-0.12744
 0
-0.66421
 0
-0.5591
-0.06295
-0.27734
 0.14079
-0.15809
-0.07231
-0.04243
-0.0087
 0.63183
 0.75596
 0.50489
 0.76482
 0.53886
-0.03229
 0.26653
 0.37381
-0.22822
 0.02003
 0.19588
 0.23095
 0.04944
-0.05502
-0.1284
-0.0339
-0.15049
 0.69714
 0.58324
 0.15908
 0.30912
-0.26883
-0.5362
-0.01505
-0.04699
 0.1453
 0.0222
-0.09193
-0.01207
-0.02367
-0.33145
-0.26115
-0.1875
-0.10474
-0.20177
-0.26356
-0.46906
-0.67605
-0.52954
-0.74735
-0.66014
-0.08341
-0.04476
 0.06849
 0.15254
 0.08333
 0.35175
-0.29099
-0.67796
-0.84951
-0.88082
-0.22978
-0.01664
-0.5254
-0.75533
-0.85703
-0.37975
 0.08403
 0.10853
-0.04931
 0.02376
 0.0461
 0.05929
-0.59954
-0.73856
-0.85368
-0.4595
-0.39394
 0.04878
 0.15957
 0.11348
-0.04348
 0.03552
-0.00663
 0.10067
-0.69774
-0.82154
-0.1856
-0.18645
 0.24692
 0.08107
-0.0237
-0.00564
-0.00303
 0.06967
-0.04202
 0.01361
 0.03193
-0.02099
-0.15114
 0.41078
-0.20468
 0.58984
 0.51613
 0.1329
-0.0324
 0.13659
 1
 0.57577
 0.20645
 0.47211
 1
 0.76224
 1
 1
 0.39752
 0.79476
 1
 0.46167
 1
 0.82681
 1
 0.58051
 1
 0.72529
 1
 0.48136
-1
 0.83899
 1
 0.9882
 1
 0.56804
 0.93124
 1
 1
 0.89067
 1
 0.7355
 0.48867
 0.27712
 1
 0.18626
 1
 0.65247
-1
 0.83172
 0.52208
 0.81813
 1
 0.93358
 1
 1
 1
 0.87244
 1
 0.8728
 1
 0.88423
 1
 0.68452
 1
 0.43317
 1
 0.9289
 1
 0.96414
 1
 0.41778
 1
 0.89502
 1
 0.33401
 0.7619
 0.59417
 1
 0.58903
 1
 0.38255
 1
 1
 1
 0.18765
-0.04314
 0.61009
 0.49309
 0.73886
 0.56982
 0.48601
-0.09971
 0.69811
 0.70882
 0.4993
 0.41348
 0.50369
-0.34146
-0.71844
-0.83314
-1
 0.64158
-1
 0.9649
 1
 0.88793
 1
 1
 1
 0.87579
 1
 0.53777
 1
-0.63038
 1
-0.71731
-1e-05
 0.22109
 0.52385
 0.64581
 0.51971
 1
 0.41098
 0.92192
 0.24889
 0.44012
 1
 0.34374
 1
 0.95677
 1
 0.99188
 1
 0.19304
 1
-0.46579
 1
-0.67925
 0.74385
 0.46214
 0.00019
 0.61031
 0.82041
 0.96215
 1
-0.00025
 0.52409
-0.00621
 0.03125
 0.98556
 1
 0.96974
 0.3219
 0.65932
 0.10335
 0.16085
 0.00862
 0.78041
 0.03994
 0.03574
 0.08467
 0.60098
 0.01834
 0.82383
 1
 0.71698
 1
 0.92874
 1
 0.9212
 1
 0.73944
 1
 0.90347
 1
 1
 0.25758
 1
-0.19149
 0.83796
 0.17308
 0.48757
 1
 0.29208
 1
 0.09312
 0.33333
 0.77937
 1
 0.19235
 1
 1
 1
-0.00046
 0.04167
 0.3293
 1
 0.87293
 1
 0.96238
 0.03443
 1
 1
 0.35504
-1
 0.91541
-1
 0.92663
-1
 0.65419
-0.61538
 1
 1
 0.34442
 1
 1
 1
 0.69097
 1
 0.26978
 1
-0.20995
 1
-0.1994
 1
 0.16813
 1
-0.38798
 1
 0.30406
 1
 0.44174
 1
 0.95243
 1
 0.59935
 0.89262
 0.92148
-0.06024
 0.61291
 0.28079
 0.69845
 0.0557
 0.88245
-1
 0.86453
 1
 0.81598
 1
 0.53215
 1
-0.02089
 1
 0.38544
 1
 0.72147
 0.33737
 0.83008
 0.60463
 0.61727
 0.58803
 0.70824
 0.41789
-0.11925
-0.22839
-0.46215
-0.58563
-0.60328
-0.33942
 0.49013
 0.4909
 0.48659
 0.93772
 0.53396
 0.68775
 0.56588
 0.45105
 0.63773
 0.57262
 0.36547
-0.16556
-0.57587
-0.66651
-0.77097
-0.63237
 0.07158
-0.00886
 0.56836
 0.23641
 0.79058
 0.85967
 0.82271
 0.46514
 0.61444
 0.74115
 0.83705
 0.61847
 0.5393
-0.67557
-0.65165
-0.3161
-0.1695
-0.22323
-0.0153
 0.96653
 0.92695
 0.94043
 0.67287
 0.41543
-1
-0.70352
-0.05054
-0.04578
 0.19765
 1
 0.84132
 0.01523
 0.17041
 0.53229
 0.84637
 0.63728
 0.86923
 0.99842
 0.89002
 0.94305
 0.46362
 0.1536
 0.33531
 0.67538
 0.85471
 0.72961
 0.89666
 0.89527
 0.83429
 0.82111
 0.9754
 0.98033
 0.99989
 0.26028
 0.74105
 0.39599
 0.74758
 0.03913
 0.96709
 0.76717
 0.39146
 0.70886
 0.68656
 0.83479
 0.93522
 0.92489
 0.89147
 0.81147
-0.46168
-0.18401
-0.22145
 1
-0.53206
 0.09223
-0.8251
 1
-0.69712
-0.02294
-0.865
-0.62745
-0.5837
 0.35924
 0.36743
 0.26501
 0.13638
-1
 0.24618
 1
-0.42231
-1
-0.02205
-1
-0.29174
-1
-0.86583
 1
 1
-1
-0.49687
 1
-0.54629
-0.41307
-0.11582
-0.08571
-0.17909
 1
 0.13282
 0.16019
 0.72386
-1
 0.56605
 1
-0.73174
-1
-0.43122
-0.5813
-0.21136
-1
-0.01158
 1
-1
-1
-0.34586
-1
-0.21793
 1
 0.23571
 1
 0.42746
-0.76667
 0.69129
-0.0614
-0.07249
 0.15942
-0.02174
-1
-0.93296
 0.5
 0.71374
-1
 0.83796
 0.63492
 0.69435
-1
 0.6099
 1
 1
 1
-0.81372
 1
 0.73885
 0.14481
-0.06637
 0.1463
-0.05801
 0.14673
 0.10039
-0.07114
 0.53235
-0.25288
-0.04264
-0.40116
-0.03351
 0.88248
 0.25835
-0.01358
-1
 0.13608
-1
-0.20243
-1
-0.31565
-0.23864
-0.33304
 0.10976
-0.17806
-1
-0.77986
-0.93939
 0.08818
 0.22
-0.11943
 0
-0.0229
-0.20325
 0.15088
 0.38848
-0.14162
-0.07027
-0.00128
-0.51079
-0.10064
-1
 0.43221
 0.17076
-0.06995
-1
-0.03473
-0.17568
 0.05641
-1
 0.14895
-1
-0.24131
 0.09176
 0.05439
-0.00043
-0.22163
 0.13758
-0.01647
-0.57092
-0.00048
-0.24668
-0.00586
 0
 0.01251
 0.71613
 0.04452
-0.28475
 0.10168
-0.00838
-0.5642
 0.01724
 0.00612
 0.01569
-0.31739
 0.01373
 0.30384
-0.01128
-0.03678
 1
 0.21343
 1
 0.21876
-1
 0.45019
 0
 0.26388
-1
-0.05352
-1
-0.04914
-0.57576
 0.20225
-0.46809
 0.05503
-0.10897
-0.85669
-1
-0.4839
-1
-0.59589
-1
 0.07933
 1
-1
 1
 1
-1
-0.2321
 0.75
 0.25553
 1
-0.02302
 0.625
-0.04597
-0.01186
-0.00394
 0
-0.76054
-0.2
 0.02897
-1
 0.026
-0.03578
 0.08968
-0.51282
 0.08867
 1
-0.01768
 0.51613
 0.04891
 1
 0.10484
 1
 0.54214
 1
 0.78004
-1
 0.34976
-1
 0.78541
-1
 0.58553
 1
-0.48392
 1
 0.482
 1
 0.04356
-1
 0.08304
 0.22216
-0.24549
 0.26256
-0.01237
-0.04926
-0.01673
-1
-0.14903
-1
-0.11808
-1
-0.08669
 1
-0.0328
-1
-0.10242
-1
-0.51568
 0.22667
-0.24433
-0.11876
 0.08718
 0.02019
 0.07124
 0.08767
 0.01096
 0.06908
 0.60696
 0.69187
 0.40753
 0.66335
 0.40972
-0.12486
 0.27687
 0.17951
-0.09128
-0.03034
-0.12447
 0.17704
 0.00824
 0.0004
-0.02451
 0.0075
 0.03815
 0.6051
 0.4604
 0.02277
 0.15619
-0.46438
-0.51925
-0.01475
-0.10571
 0.14314
 0.06235
-0.02908
 0.02552
 0.03259
-0.16837
-0.23312
-0.10211
-0.12041
-0.11455
-0.45511
-0.69556
-0.81876
-0.60863
-0.86122
-0.69706
-0.12912
-0.05827
-0.09252
-0.00266
-0.14256
 0.09569
-0.32792
-0.62691
-0.91221
-0.85137
-0.06823
-0.01769
-0.48707
-0.71504
-0.68593
-0.0554
 0.08296
 0.0895
-0.05527
 0.01611
 0.03247
 0.06142
-0.53127
-0.62296
-0.61959
-0.06831
 0.12331
 0.02226
 0.08165
 0.06014
 0.02033
 0.06477
 0.016
 0.08763
-0.60678
-0.55231
-0.11498
 0.23713
 0.31092
 0.07255
-0.02731
-0.09038
 0.01375
 0.17088
 0.00123
 0.04925
 0.02542
-0.0776
-0.04822
 0.21266
-0.1904
 0.431
 1
 0.02431
-0.07859
 0.04606
 0
 0.25435
 0
 0.40303
 1
 0.65723
 1
 0.95603
 0
 0.7911
-1
 0.43433
 1
 0.75784
-1
 0.49664
 1
 0.73094
 1
 0.4065
-1
 0.74822
 1
 1
 1
 0.50179
 0.63811
 1
 0.95982
 0.85644
-1
 0.66387
 0.43481
 0.19296
-1
 0.12635
 1
 0.6101
-1
 0.81433
 1
 0.78546
-1
 0.61582
-1
 1
-1
 0.92059
-1
 0.8292
 1
 0.88568
-1
 0.62764
-1
 0.35684
 1
 1
 0.37681
 0.86747
 1
 0.25773
 0
 0.85611
-1
 0.24944
 0
 0.49538
 1
 0.53952
-1
 0.10819
 1
 1
 1
 0.09694
-0.04779
 0.5355
 0.32463
 0.66792
 0.42273
 0.46275
-1
 0.80901
 0.77884
 0.48348
-0.1517
 0.34635
-1
-0.72369
-0.82366
-1
 0.65707
 1
 0.94599
 0
 0.81428
 0.06061
 1
 0
 0.94294
 0.55405
 0.8102
-0.12879
-0.57241
 0
-0.64962
 0
 0.19048
 0.32787
 0.67273
 0.57143
 0.82222
 0.34545
 0.9434
 1
 0.41667
 1
 0.9033
 0.62958
 0.90978
 0
 0.9702
 0
 0.1741
 1
-0.59184
 0
-0.55147
-1
 0.4
 0.00026
 0.58478
 0.90234
 0.97399
 1
-0.00018
 0.56863
-0.00294
-0.71875
 1
 0.84496
 0.87701
-0.47
 0.6
 0.03073
 0.36752
 0.02586
 0.74089
 0.01997
 0.15873
 0.11213
 0.45521
 0.00564
 0.88125
 1
 0.3783
 1
 0.72549
 0
 0.57454
 0
 0.75
 1
 1
-1
 1
 0.43182
 1
-0.2234
 1
 0.125
 0.37941
 1
 0.12777
-1
-0.07162
 1
 0.64135
-1
 1
 1
 1
 0
-0.02612
-0.22917
 0.27381
 1
 0.98544
 1
 0.91165
-0.00403
 0.75638
 1
 0.26352
 1
 0.95455
 0
 0.94118
 1
 0.52632
 0
 1
 0
 0.27273
 0
 1
 1
 0.52798
 1
 0.22307
 0
-0.33169
 1
-0.23832
 1
 0.07497
 0
-0.46799
 0
 0.43227
 1
 0.12473
 0
 0.97473
 0
 0.38228
 0.7107
 0.78889
-0.14786
 0.61706
-0.05911
 0.63311
 0
 0.84352
-0.27917
 0.85536
 0
 0.82571
 0
 0.43117
 0
 0.01033
 0
 0.52573
 0
 0.72478
 0.27657
 0.66592
 0.51384
 0.30882
 0.55077
 0.62235
 0.38696
-0.18226
-0.31713
-0.50314
-0.67929
-0.64511
-0.2754
 0.46216
 0.1518
 0.52613
 1
 0.15464
 0.61663
 0.4764
 0.31392
 0.76543
 0.58644
 0.3932
-0.16209
-0.61899
-0.64872
-0.75406
-0.46422
 0.24321
-0.0028
 0.5282
 0.26429
 0.85939
 0.78774
 0.72435
 0.5355
 0.52731
 0.66242
 0.8587
 0.60079
 0.59867
-0.54732
-0.41223
-0.02979
 0.08425
 0.0781
 0.22708
 0.93469
 0.90342
 0.97032
 0.66102
 0.19444
-1
-0.63312
 0.1469
 0.2733
 0.48904
 1
 0.82427
 0.1903
 0.40675
 0.74846
 1
 0.61345
 0.87597
 0.994
 0.88119
 0.94681
 0.33333
 0.32309
 0.52414
 0.85977
 1
 0.9697
 0.90854
 0.7766
 0.74468
 0.81988
 0.94849
 0.97901
 0.99105
 0.44569
 0.89415
 0.31005
 0.45185
-0.03817
 0.95701
 0.74046
 0.35588
 0.66161
 0.87568
 1
 0.93159
 0.9212
 0.82983
 0.78207
-0.3409
-0.11593
-0.17365
-0.20099
-0.62197
 0.00732
-0.82395
 0
-0.63919
 0
-0.83675
-1
-0.68794
-0.66494
 0.48641
 0
 0.15379
 1
 0.25306
-1
-0.38231
 1
-0.01251
 1
-0.38576
-1
-0.89674
-1
 1
-1
-0.7582
-0.79141
-0.59854
-0.21901
-0.11129
-0.3625
-0.18552
 1
 0.153
 0.15436
 0.70682
-1
 0.56101
-1
-0.75353
 1
-0.42593
-0.61393
-0.23864
 0.81573
-0.32298
-1
-1
-1
-0.30619
-0.38914
-0.2237
 1
 0.22511
 0.67708
 0.46031
 0.18854
 0.76147
 1
-0.27387
-0.01947
 0.2336
 0.65625
-1
 0
 0.67149
-1
 0.86061
 0
 0.72684
 1
 0.60932
 1
 1
 1
-1
-1
 0.71038
 0.10349
-0.21154
-0.02612
 0.02264
 0.08182
 0.08235
-1
 0.58584
-0.14109
-0.04448
 0.11146
 0.09847
 0.69401
 0.11218
-0.19321
-1
 0.17539
-1
-0.17123
 0
-0.23728
-0.48485
-0.36931
 0
-0.16581
-0.23649
-1
-0.93182
-0.07816
 0
-0.28183
 0
 0
-0.03279
 0.02727
 0.39286
-0.14667
-0.05455
-1
 0
-0.08333
 1
 1
 0.42677
 0.01307
 0
-0.02478
 0
 0.05504
 1
 0.18367
 0
-0.42647
 0.05229
 0.03333
 5e-05
-0.23027
-0.06641
 0.01908
-0.27778
-0.00024
-0.31373
-0.0052
 0.03125
-0.03243
 0.06977
 0.0107
 0.185
 0.13333
-0.00279
-0.41901
 0.01149
-0.05025
 0.00713
-0.21693
-0.06636
 0.60512
-0.01551
-0.06423
 1
 0.5831
 1
 0.56863
 0
 0.84353
 0
 0.25
 1
 0.11111
-1
 0.45455
 0.24242
 0.05882
-0.48936
 0.20833
 0.09615
-0.83893
-0.24561
-0.39143
 1
-0.54928
-1
 0.42827
 1
-1
-1
 0.25
 0
-0.21129
-1
 0.23568
 0.50794
 0.09385
-0.75
 0.03885
-0.01672
 0.07908
 1
-0.78239
-1
 0.09091
 0
-0.11765
-1
-0.21053
 0
 0.36364
 0
 0
 0
 0.05182
 1
 0.39762
 1
 0.53448
 0
 0.71454
-1
 0.29541
 1
 0.80439
 0
 0.50131
 0
-0.29838
-1
 1
 0
 0.00818
 0
 0.0676
 0.53846
 0.02037
 0.14786
-0.13492
-0.0936
 0.0481
 0
-0.12862
-0.75625
-0.13051
 0
-0.10429
 0
 0.03377
 0
-0.07036
 0
-0.29897
 0
 0.09599
-0.11409
 0.49079
 0.04452
 0.0864
 0.25692
 0.11598
 0.03913
 0.56015
 0.60948
 0.27252
 0.52564
 0.27338
-0.19714
 0.28574
 0.32448
-0.08537
-0.05843
-0.26289
 0.07621
-0.03596
-0.06796
 0.02222
-0.00339
 0.17476
 0.55805
 0.30796
-0.13462
-0.04399
-0.61446
-0.43478
-0.0125
-0.13346
 0.16137
 0.09251
-0.04101
-0.01073
 0.25148
-0.02072
-0.22293
-0.03261
-0.20949
-0.02882
-0.60858
-0.85725
-0.86841
-0.61488
-0.87159
-0.64428
-0.14916
-0.07479
-0.20091
-0.0339
-0.13889
-0.16713
-0.19185
-0.45911
-0.85762
-0.70247
 0.08299
-0.01867
-0.38059
-0.57649
-0.40656
-0.06329
 0.01681
 0.08786
-0.06304
 0.00198
 0.02482
-0.0303
-0.37088
-0.42086
-0.28123
 1
 0.57576
 0.00915
 0.06738
-0.03546
 0.08696
 0.08171
 0.01547
 0.08501
-0.43383
-0.18725
 0.05614
 0.59071
 0.26336
 0.08088
-0.0763
-0.10306
 0.00849
 0.07787
 0.12815
 0.08168
 0.02242
-0.17238
-0.00703
 0.42267
-0.16626
 0.60436
 0.25682
-0.05707
 0
-0.04262
 1
 0.45114
 0.16595
 0.30996
 1
 0.68714
 1
 1
 1
 0.77122
-1
 0.40663
 1
 0.80448
-1
 0.5131
-1
 0.54356
 1
 0.32984
 0
 0.64358
-1
 1
 1
 0.47075
 0.86136
 1
 1
 0.83777
 1
 0.70925
 0.38352
 0.11372
 1
 0.06927
 1
 0.54752
 1
 0.77919
-0.09634
 0.76911
 0
 0.84463
 0
 1
-1
 0.83951
-1
 0.78479
 0
 0.78324
 0
 0.56791
 0
 0.33921
 0.20614
 0.4397
 1
 0.94578
 0
 0.9357
 1
 0.74389
 0
 0.13756
 0
 0.47027
 0
 0.45312
-1
-0.1737
 1
 1
 1
 0.02735
-0.04585
 0.59024
 0.39118
 0.86415
 0.48927
 0.45098
-0.02916
 0.43026
-0.21354
 0.64348
 0.02399
 0.70798
-1
-0.71475
-0.67289
 1
 0.59759
 1
 0.96436
 0
 0.89095
 0.16288
 1
 0
 0.80253
 0
 1
 0
-0.54866
 0
-0.51251
 0
 0.16997
 0.27869
 0.60715
-0.54891
 1
 0.12727
 1
-0.66667
 0.58333
 0
 0.23405
 0.87757
 1
 0.04447
 1
 1
 0.19512
 1
-0.34694
 1
-0.44118
 0.18301
 0.46667
 0
 0.72973
-1
 0.95434
 1
-0.00012
 0.43137
-0.00089
-0.03125
 1
 1
 1
-0.27104
 0.6
 0.04469
 0.46059
 0.02586
 0.82956
-0.02568
 0.24868
 0.09611
 0.02742
-0.01693
 0.73936
-1
 0.19667
-0.94375
 0.23529
-1
 0.22222
 0
 0.69635
-1
 0.88889
 1
 1
 0.18182
 1
 0.74468
 0.70833
 0.02564
 0.24117
 0.35088
 0.15657
-1
-0.0184
 0.69792
 0.31435
-1
 0
 1
 1
 0
-0.04717
-0.125
 0.22427
-1
 0.78317
-0.75
 1
-0.00761
 1
 1
 0.16604
 0
 0.86364
 1
 0.97059
-1
 0.6015
 0
 1
 1
 0.36364
 0
 1
 1
 0.25974
 1
 0.14312
-1
-0.38532
-1
-0.26634
 1
-0.02962
-1
-0.53146
-1
 0.47029
 1
 0.3507
 0
 0.97845
-1
 0.56466
 1
 0.87492
-0.09339
 0.68849
 0.04433
 0.78859
 0.06329
 0.88424
 0
 0.83524
 1
 0.81429
 0
 0.54545
 0
 0.02224
 0
 0.56239
 0
 0.58137
 0.15078
 0.37542
 0.61733
 0.55916
 0.53389
 0.66624
 0.35217
-0.25516
-0.40291
-0.52823
-0.75321
-0.6571
-0.19962
 0.43484
 0.44141
 0.44277
 0.92774
 0.47423
 0.66316
 0.54607
 0.49191
 0.61235
 0.58983
 0.26214
-0.34717
-0.65754
-0.54615
-0.75199
-0.26389
 0.36586
 0.00096
 0.15602
 0.18767
 0.77863
 0.75935
 0.90409
 0.31953
 0.53861
 0.72611
 0.78533
 0.37549
 0.53659
-0.30512
-0.1359
 0.25392
 0.25164
 0.36021
 0.431
 0.97132
 0.91991
 0.85388
 0.83051
 0.36924
-1
-0.34131
 0.37093
 0.54827
 0.69886
 1
 0.80634
 0.31008
 0.56626
 0.83142
 0.53165
 0.58187
 0.85198
 0.99057
 0.87327
 1
 0.41856
 0.46189
 0.61217
 0.88654
 0.3867
 0.24242
 1
 0.92553
 0.8171
 0.80757
 0.99112
 0.98564
 1
 0.54209
 0.87893
 0.21443
 0.20549
-0.16794
 0.9819
 0.70058
 0.32232
 0.66298
 0.55328
 0.8666
 0.94066
 0.92459
 0.96022
 0.75747
-0.54487
-0.06288
-0.2418
 1
-0.59573
 0
-0.81318
 1
-0.72779
 0.24086
-0.89093
-1
-0.64537
 0.88428
 0.32492
 0.23188
 0.1593
-1
 0.25792
 1
-0.40575
 1
-0.00015
 1
-0.26284
-1
-0.92128
 0
 1
 1
-0.75761
 1
-0.57377
-0.87354
 0.53372
 0.65268
-0.20101
 1
 0.10754
 0.14677
 0.72688
 1
 0.55061
-1
-0.80278
 0
-0.47977
 0.20477
-0.23095
 0
-0.25706
 0
-0.34686
 1
-0.39061
-1
-0.22765
 0
 0.29576
 0
 0.47033
 0
 0.66844
-1
 0.19849
 0.22464
-0.22021
 0
-0.35222
-1
 0.85611
 0
 0.86835
 0
 0.71689
 0
 0.63636
-1
 1
-1
-0.78555
 1
 0.77072
 0.07064
-0.14053
 0.13521
 0.03774
 0.14643
 0.23529
-0.07464
 0.70923
-0.7817
-0.25217
 0.5582
-0.01868
 0.1286
-0.05525
-0.33662
-1
 0.14697
-1
-0.22561
 0
-0.31857
-0.70076
-0.4074
 0
-0.25741
 0
-1
 0
-0.19923
 0
-0.44505
 0
-0.02034
-0.44262
 0.16465
-0.29915
-0.15609
-0.36364
 0.43396
-0.04762
-0.3125
 0
 0.3962
 0.81007
-0.10797
 0.61881
-0.03855
-0.25946
 0
-1
 0
-1
-0.50735
 0.02614
 0.03333
 0.00015
-0.59459
-0.1875
-0.0341
-0.63156
-0.00012
-0.21569
-0.00408
 0
 0.02703
 0.87317
 0.09091
-0.31228
 0.16667
 0
-0.22535
 0.01149
 0.02956
-0.01854
-0.24339
-0.07323
 0.54479
-0.02398
-0.01942
 1
 0.66315
 1
 0.90196
-1
 1
 0
 0.29074
-1
-0.11111
 1
-0.27273
-0.02273
 0.35294
 0.90426
 0
-0.04808
-0.88846
 0.20175
-0.51329
-1
-0.54074
-1
 0.62447
 1
-1
 1
 1
 0
-0.1895
-0.27083
 0.21378
-0.3254
-0.10194
 1
-0.13722
 0.00108
-0.1875
-1
-0.73145
 1
-0.09091
-1
 0.05882
-0.32317
 0.09534
 0
 0.63636
 0.5
 0
 0
 0.57143
 1
 0.56573
 1
 0.49124
-1
 0.64363
 1
 0.23896
-1
 0.77702
 1
 0.40732
 1
-0.09461
 1
 0.49721
 0
 0.07061
-1
 0.09046
-0.06522
-0.27105
 0.31128
-0.01389
 0.05419
-0.05145
-1
-0.18542
 0
-0.12452
 0.11778
-0.05
 0
-0.05455
 0
-0.04142
 0
-0.05938
 0
 0.38915
 0.13296
 0.70011
-0.00963
 0.07458
 0.09207
 0.0119
 0.14783
 0.51701
 0.54522
 0.19172
 0.42488
 0.13667
-0.24648
 0.29324
 0.18897
-0.09621
-0.03464
 0.04124
 0.19841
 0.10562
-0.1068
-0.0716
-0.02712
 0
 0.44195
 0.18345
-0.22949
-0.17921
-0.70835
-0.30057
-0.00948
-0.12218
 0.13632
 0.0709
 0.21812
 0.11066
-0.14497
-0.31262
-0.37792
-0.1087
 0.06917
-0.11752
-0.667
-0.93953
-0.82127
-0.48468
-0.78057
-0.51206
-0.15755
-0.07244
-0.08676
-0.15254
-0.14809
-0.42226
-0.60454
-0.39167
-0.69613
-0.46048
-0.14194
-0.01957
-0.23199
-0.36765
-0.07029
 0.02532
 0.08757
 0.10134
-0.06497
 0.04158
 0.01064
 0.0641
-0.19681
-0.17343
 0.098
 0.00246
 0.36364
 0.05488
 0.18085
 0.068
 0.02308
 0.06217
 0.02099
 0.10067
-0.21542
 0.20359
 0.2054
 0.76764
 0.16794
 0.08126
-0.0422
-0.08637
 0.01484
 0.2459
-0.10714
-0.00035
 0.00442
-0.03757
-0.06678
 0.18641
-0.13738
 0.56045
-0.32382
-0.04608
-0.00039
-0.13832
 0
 0.38895
-0.08208
 0.22995
 1
 0.64727
 1
 1
 0
 0.70941
 1
 1
 1
 0.74354
-1
 0.52099
 0
 0.64207
 1
-0.13341
-1
 0.52479
 1
 1
 1
 0.42189
-0.23186
 1
 1
 0.83867
 0
 0.65258
 1
 0.0699
 0
 0.12137
 1
 0.49195
 0
 0.75115
-0.06117
 0.74323
 0
 0.93323
 0
 1
 1
 0.82166
-1
 0.73992
-1
 0.83574
 0
 0.54252
 1
 0.22101
 1
 0.51382
 1
 0.80355
 1
 0.98816
 1
 0.71493
 1
 0.09048
 0
 0.33381
 1
 0.40442
-1
-0.81383
-1
 1
 1
-0.04023
-0.04013
 0.56361
 0.34411
 0.73208
 1
 0.43137
-0.00526
 0.52361
-0.18494
 0.50435
 0.52632
 0.39559
 0
-0.67699
-0.59943
 0
 0.57455
 0
 0.87011
 0
 0.69531
 0
 1
 0
 0.76586
 0
 0.30445
 0
-0.42912
 0
-0.37432
 0
 0.14694
 0.4918
 0.5884
 0.25441
 1
 0.29091
 0.43396
 0.2619
 0.33333
 0
 0.18632
 0.81979
 0.93144
 0
 0.9842
 0.28919
 0.17073
 0
-0.26531
 0
-0.28676
-0.40201
 0.41667
-8e-05
 0.51351
-1
 0.95838
 1
-8e-05
 0.47059
 0.00025
 0
 1
 1
 0.97861
 0.40445
 0.63333
 0.04749
 0.50376
-0.04598
 0.79015
-0.01427
 0.2672
 0.1167
-0.21572
 0.00705
 0.79089
-1
-0.11215
 0
-0.11765
-1
-0.55556
 0
 0.67493
 0
 1
 0
 1
 0.17045
 1
-0.67553
 0.70833
 0.16827
 0.29221
 0.82895
 0.18353
 0
-0.07457
 0.47569
-0.00422
 0
 1
 0
 1
 0
 0.01336
-0.19792
 0.18086
-1
 0.85841
 1
 0.96523
 0.00015
 1
 0
 0.13994
 0
 0.86364
 0
 0.91176
 0.14939
 0.57418
 0
 0.72727
 0
 0.28985
 0
 1
 1
-0.06739
 1
 0.11573
 0
-0.47419
-1
-0.23846
 1
-0.10289
 0
-0.56231
 0
 0.42152
 1
 0.30588
 0
 1
-1
 0.54632
 0.56522
 1
-0.19066
 0.625
 0.07389
 0.65213
 0
 0.91747
 0
 0.86786
 0.90667
 0.82143
 0
 0.58961
 0
 0.02249
 1
 0.5146
 0
 0.34749
 0.12197
-0.03983
 0.61372
 0.60294
 0.50609
 0.64407
 0.44783
-0.27339
-0.42815
-0.48808
-0.8121
-0.64056
-0.11894
 0.40821
 0.56167
 0.42223
 0.92226
 0.45361
 0.69053
 0.60674
 0.30421
 0.51358
 0.50169
 0.37379
-0.33483
-0.64134
-0.47201
-0.66932
-0.08937
 0.42805
 0.0029
 0.44767
 0.16655
 0.77269
 0.88238
 0.72837
 0.34615
 0.6742
 0.65817
 0.79076
 0.61067
 0.56319
-0.19312
 0.10007
 0.00194
 0.40591
 0.59407
 0.64662
 0.96778
 0.92049
 0.96575
 0.76271
 0.08333
-0.91903
-0.19609
 0.48319
 0.74828
 0.76066
 1
 0.78761
 0.34572
 0.62765
 0.76862
 0.83544
 0.5533
 0.84258
 0.98971
 0.86733
 0.93617
 0.39394
 0.40956
 0.60073
 0.75495
 0.17758
 0.09091
 0.97561
 0.92553
 0.80774
 0.80088
 0.98934
 0.98674
 1
 0.56286
 0.70555
 0.13376
-0.18533
-0.30153
 0.97247
 0.78439
 0.28943
 0.63887
 0.13934
 0.90546
 0.91483
 0.92697
 0.87403
 0.85764
-0.453
-0.02447
-0.38238
 1
-0.65697
 0.12011
-0.80975
 0
-0.7342
 0.38065
-0.89158
-1
-0.67226
-0.18826
 0.46712
 0
 0.12015
-1
 0.33036
 1
-0.45039
 1
-0.00182
 0
-0.39487
-1
-1
 1
 1
-1
-0.84437
 1
-0.58086
-1
-0.57758
 0.34732
-0.20766
 0
 0.11447
 1
 0.71444
 0
 0.67739
-1
-0.83245
 0
-0.50152
 0.41913
-0.23902
 0
-0.01425
 0
 0.34845
 0.33611
-0.41173
 0.61458
-0.22981
-1
 0.31166
 0
 0.50903
-0.27292
 0.78685
 1
-0.05402
 0.37409
-0.07329
-1
 0.03446
-1
 0.75837
-1
 0.86285
 0
 0.75243
-1
 0.62658
 1
 1
 1
-0.48252
-1
 0.69509
 0.04586
 0.02959
 0.12755
 0.00755
 1
 0.17255
-0.06314
 0.54185
-0.59867
 0.14783
-0.08978
-0.03226
 0
-0.19904
-0.497
 0
 0.15114
 0
-0.23296
 0
-0.41573
 0
-0.44739
 0
-0.27794
 0
-0.76112
 0
-0.31954
 0
-0.53319
 0
-0.01877
-0.06557
 0.17077
-0.55837
-0.44222
-0.29091
-0.11321
 0.02381
-0.0625
 0
 0.37191
 0.68822
-0.06888
 0
-0.04112
-0.15676
 0.07317
 0
-0.2449
 0
-0.56618
-0.48241
-0.05
 2e-05
-0.24324
-0.34375
 0.00809
-0.65935
-6e-05
-0.27451
-0.00291
 0.09375
-0.07027
 1
 0.06417
 0.0305
 0.16667
-0.03352
-0.0598
-0.00575
 0.00788
 0.01997
 0.04233
-0.06865
 0.50457
 0
-0.09186
 1
 0.64933
 0
 0.90196
 1
 1
 0
 0.30293
 0
 0
 0
-0.18182
-0.41667
 0.23529
 0.45745
 0.04167
 0.19551
-0.89621
 0.07895
-0.46603
 0
-0.47898
 1
 0.69409
 0
-0.66667
 0
 1
 0
-0.27201
-0.9375
 0.19083
 0.72831
-0.14725
 1
-0.11717
 0.00325
-0.0574
 0
-0.7
 0
 0.04545
 0
 0.05882
 1
 0.09719
 0
 0.27273
 0
-0.01832
 0
 0
 1
 0.57552
-1
 0.46571
 0
 0.55835
 1
 0.31154
 1
 0.74242
 0
 0.35095
 0
 0.12556
 1
 0.49831
 0
-0.0026
-1
 0.09346
 0.23913
-0.57037
 0.28794
-0.03175
-0.10837
-0.04698
 0
-0.16827
 0
-0.12235
-0.09556
-0.15143
 0
-0.08571
 0
-0.02017
 1
 0.16645
 0
 0.57656
 0.20468
 0.79444
-0.09146
 0.21691
 0.09322
 0.01227
 0.17391
 0.42467
 0.44534
 0.05972
 0.26092
 0.05394
-0.27218
 0.29942
 0.1518
-0.09808
-0.03673
-0.51546
 0.36721
-0.0809
-0.05178
-0.04691
 0.0678
-0.01942
 0.37465
 0.02968
-0.35032
-0.34367
-0.71273
 0.13297
-0.00647
-0.10309
 0.13198
 0.07508
 0.09193
 0.0275
-0.00296
-0.22034
-0.24841
-0.00543
-0.01383
-0.04435
-0.75597
-0.94823
-0.81686
-0.35339
-0.6027
-0.30075
-0.188
-0.0742
-0.21918
-0.10169
-0.5
-0.65557
-0.62956
-0.24313
-0.44173
-0.13194
-0.07439
-0.02039
-0.08036
-0.13305
 0.27926
-0.02532
 0.08891
 0.10698
-0.06668
 0.02376
 0.02128
 0.24242
 0.0182
 0.0866
 0.46301
 0.7979
 0.33333
-0.0122
 0
 0.07173
 0.02441
 0.09947
 0.02762
 0.10067
 0.02823
 0.54852
 0.26422
 0.74356
-0.33588
 0.08616
 0.01214
-0.083
 0.01525
 0.48087
-0.04307
 0.04712
-0.00577
-0.16243
-0.06151
