%%MatrixMarket matrix array real general
% 
% This is a model file of D:\Packages\Ell1_Logistic\examples\exs_internetad_X,
%    generated by ELL1_train ver.V1
% Contents of model:
%    entry   1   : intercept
%    entries 2..m: coefficients
% 
1431 1
-4.423551161694036e+000
0.000000000000000e+000
6.964554200773166e-003
0.000000000000000e+000
0.000000000000000e+000
0.000000000000000e+000
0.000000000000000e+000
0.000000000000000e+000
0.000000000000000e+000
0.000000000000000e+000
0.000000000000000e+000
0.000000000000000e+000
0.000000000000000e+000
0.000000000000000e+000
0.000000000000000e+000
0.000000000000000e+000
0.000000000000000e+000
0.000000000000000e+000
0.000000000000000e+000
0.000000000000000e+000
0.000000000000000e+000
0.000000000000000e+000
0.000000000000000e+000
0.000000000000000e+000
0.000000000000000e+000
0.000000000000000e+000
0.000000000000000e+000
0.000000000000000e+000
0.000000000000000e+000
0.000000000000000e+000
0.000000000000000e+000
0.000000000000000e+000
0.000000000000000e+000
0.000000000000000e+000
0.000000000000000e+000
0.000000000000000e+000
0.000000000000000e+000
0.000000000000000e+000
0.000000000000000e+000
0.000000000000000e+000
0.000000000000000e+000
0.000000000000000e+000
0.000000000000000e+000
0.000000000000000e+000
0.000000000000000e+000
0.000000000000000e+000
0.000000000000000e+000
0.000000000000000e+000
0.000000000000000e+000
0.000000000000000e+000
0.000000000000000e+000
0.000000000000000e+000
0.000000000000000e+000
0.000000000000000e+000
0.000000000000000e+000
0.000000000000000e+000
0.000000000000000e+000
0.000000000000000e+000
0.000000000000000e+000
0.000000000000000e+000
0.000000000000000e+000
0.000000000000000e+000
0.000000000000000e+000
0.000000000000000e+000
0.000000000000000e+000
0.000000000000000e+000
0.000000000000000e+000
0.000000000000000e+000
0.000000000000000e+000
0.000000000000000e+000
0.000000000000000e+000
0.000000000000000e+000
0.000000000000000e+000
0.000000000000000e+000
0.000000000000000e+000
0.000000000000000e+000
0.000000000000000e+000
0.000000000000000e+000
0.000000000000000e+000
0.000000000000000e+000
0.000000000000000e+000
0.000000000000000e+000
0.000000000000000e+000
0.000000000000000e+000
0.000000000000000e+000
0.000000000000000e+000
0.000000000000000e+000
0.000000000000000e+000
0.000000000000000e+000
0.000000000000000e+000
0.000000000000000e+000
0.000000000000000e+000
0.000000000000000e+000
0.000000000000000e+000
0.000000000000000e+000
0.000000000000000e+000
0.000000000000000e+000
0.000000000000000e+000
0.000000000000000e+000
0.000000000000000e+000
0.000000000000000e+000
0.000000000000000e+000
0.000000000000000e+000
0.000000000000000e+000
0.000000000000000e+000
0.000000000000000e+000
0.000000000000000e+000
0.000000000000000e+000
0.000000000000000e+000
0.000000000000000e+000
0.000000000000000e+000
0.000000000000000e+000
0.000000000000000e+000
0.000000000000000e+000
0.000000000000000e+000
0.000000000000000e+000
0.000000000000000e+000
0.000000000000000e+000
0.000000000000000e+000
0.000000000000000e+000
0.000000000000000e+000
0.000000000000000e+000
0.000000000000000e+000
0.000000000000000e+000
0.000000000000000e+000
0.000000000000000e+000
0.000000000000000e+000
0.000000000000000e+000
0.000000000000000e+000
0.000000000000000e+000
0.000000000000000e+000
0.000000000000000e+000
0.000000000000000e+000
0.000000000000000e+000
0.000000000000000e+000
0.000000000000000e+000
0.000000000000000e+000
0.000000000000000e+000
0.000000000000000e+000
0.000000000000000e+000
0.000000000000000e+000
0.000000000000000e+000
0.000000000000000e+000
0.000000000000000e+000
0.000000000000000e+000
0.000000000000000e+000
0.000000000000000e+000
0.000000000000000e+000
0.000000000000000e+000
0.000000000000000e+000
0.000000000000000e+000
0.000000000000000e+000
0.000000000000000e+000
0.000000000000000e+000
0.000000000000000e+000
-1.471037607974004e-002
0.000000000000000e+000
0.000000000000000e+000
0.000000000000000e+000
0.000000000000000e+000
0.000000000000000e+000
0.000000000000000e+000
0.000000000000000e+000
0.000000000000000e+000
0.000000000000000e+000
7.484150272500526e-001
0.000000000000000e+000
0.000000000000000e+000
0.000000000000000e+000
0.000000000000000e+000
0.000000000000000e+000
0.000000000000000e+000
0.000000000000000e+000
0.000000000000000e+000
0.000000000000000e+000
0.000000000000000e+000
0.000000000000000e+000
0.000000000000000e+000
0.000000000000000e+000
0.000000000000000e+000
0.000000000000000e+000
0.000000000000000e+000
0.000000000000000e+000
0.000000000000000e+000
0.000000000000000e+000
0.000000000000000e+000
0.000000000000000e+000
0.000000000000000e+000
0.000000000000000e+000
0.000000000000000e+000
0.000000000000000e+000
0.000000000000000e+000
0.000000000000000e+000
-4.441319877995734e-001
0.000000000000000e+000
0.000000000000000e+000
0.000000000000000e+000
0.000000000000000e+000
0.000000000000000e+000
0.000000000000000e+000
0.000000000000000e+000
0.000000000000000e+000
0.000000000000000e+000
0.000000000000000e+000
0.000000000000000e+000
0.000000000000000e+000
0.000000000000000e+000
0.000000000000000e+000
0.000000000000000e+000
0.000000000000000e+000
0.000000000000000e+000
0.000000000000000e+000
0.000000000000000e+000
0.000000000000000e+000
0.000000000000000e+000
0.000000000000000e+000
0.000000000000000e+000
0.000000000000000e+000
0.000000000000000e+000
0.000000000000000e+000
0.000000000000000e+000
0.000000000000000e+000
2.560059765922524e+000
0.000000000000000e+000
0.000000000000000e+000
0.000000000000000e+000
0.000000000000000e+000
0.000000000000000e+000
0.000000000000000e+000
0.000000000000000e+000
0.000000000000000e+000
0.000000000000000e+000
0.000000000000000e+000
0.000000000000000e+000
0.000000000000000e+000
0.000000000000000e+000
0.000000000000000e+000
0.000000000000000e+000
0.000000000000000e+000
0.000000000000000e+000
0.000000000000000e+000
0.000000000000000e+000
0.000000000000000e+000
0.000000000000000e+000
-4.441319877995734e-001
0.000000000000000e+000
0.000000000000000e+000
0.000000000000000e+000
0.000000000000000e+000
0.000000000000000e+000
0.000000000000000e+000
0.000000000000000e+000
0.000000000000000e+000
0.000000000000000e+000
0.000000000000000e+000
0.000000000000000e+000
0.000000000000000e+000
0.000000000000000e+000
0.000000000000000e+000
0.000000000000000e+000
0.000000000000000e+000
0.000000000000000e+000
0.000000000000000e+000
0.000000000000000e+000
0.000000000000000e+000
0.000000000000000e+000
0.000000000000000e+000
0.000000000000000e+000
0.000000000000000e+000
0.000000000000000e+000
0.000000000000000e+000
0.000000000000000e+000
0.000000000000000e+000
0.000000000000000e+000
0.000000000000000e+000
7.484150272500526e-001
0.000000000000000e+000
0.000000000000000e+000
0.000000000000000e+000
0.000000000000000e+000
0.000000000000000e+000
0.000000000000000e+000
0.000000000000000e+000
1.628840081174740e+000
0.000000000000000e+000
0.000000000000000e+000
0.000000000000000e+000
0.000000000000000e+000
0.000000000000000e+000
0.000000000000000e+000
0.000000000000000e+000
0.000000000000000e+000
0.000000000000000e+000
0.000000000000000e+000
0.000000000000000e+000
0.000000000000000e+000
0.000000000000000e+000
0.000000000000000e+000
0.000000000000000e+000
0.000000000000000e+000
0.000000000000000e+000
-1.471037607974004e-002
0.000000000000000e+000
0.000000000000000e+000
0.000000000000000e+000
0.000000000000000e+000
0.000000000000000e+000
0.000000000000000e+000
0.000000000000000e+000
0.000000000000000e+000
0.000000000000000e+000
7.775673262973543e-001
0.000000000000000e+000
0.000000000000000e+000
0.000000000000000e+000
0.000000000000000e+000
2.043082650437881e+000
0.000000000000000e+000
0.000000000000000e+000
0.000000000000000e+000
0.000000000000000e+000
0.000000000000000e+000
0.000000000000000e+000
-1.471037607974004e-002
0.000000000000000e+000
0.000000000000000e+000
0.000000000000000e+000
0.000000000000000e+000
0.000000000000000e+000
0.000000000000000e+000
0.000000000000000e+000
0.000000000000000e+000
0.000000000000000e+000
4.276209643367842e-001
3.206272128609537e+000
0.000000000000000e+000
7.484150272500526e-001
0.000000000000000e+000
0.000000000000000e+000
0.000000000000000e+000
0.000000000000000e+000
0.000000000000000e+000
0.000000000000000e+000
6.401498583230691e-001
0.000000000000000e+000
1.190143569148728e+000
0.000000000000000e+000
0.000000000000000e+000
0.000000000000000e+000
0.000000000000000e+000
0.000000000000000e+000
0.000000000000000e+000
0.000000000000000e+000
0.000000000000000e+000
0.000000000000000e+000
0.000000000000000e+000
0.000000000000000e+000
0.000000000000000e+000
2.362855199398329e+000
0.000000000000000e+000
0.000000000000000e+000
0.000000000000000e+000
0.000000000000000e+000
0.000000000000000e+000
0.000000000000000e+000
0.000000000000000e+000
0.000000000000000e+000
0.000000000000000e+000
0.000000000000000e+000
0.000000000000000e+000
0.000000000000000e+000
0.000000000000000e+000
0.000000000000000e+000
0.000000000000000e+000
0.000000000000000e+000
1.952724543175032e-001
0.000000000000000e+000
0.000000000000000e+000
0.000000000000000e+000
0.000000000000000e+000
0.000000000000000e+000
0.000000000000000e+000
0.000000000000000e+000
0.000000000000000e+000
0.000000000000000e+000
0.000000000000000e+000
0.000000000000000e+000
0.000000000000000e+000
0.000000000000000e+000
0.000000000000000e+000
0.000000000000000e+000
0.000000000000000e+000
0.000000000000000e+000
0.000000000000000e+000
0.000000000000000e+000
0.000000000000000e+000
0.000000000000000e+000
0.000000000000000e+000
0.000000000000000e+000
0.000000000000000e+000
0.000000000000000e+000
0.000000000000000e+000
0.000000000000000e+000
0.000000000000000e+000
0.000000000000000e+000
0.000000000000000e+000
0.000000000000000e+000
0.000000000000000e+000
0.000000000000000e+000
0.000000000000000e+000
0.000000000000000e+000
0.000000000000000e+000
0.000000000000000e+000
0.000000000000000e+000
0.000000000000000e+000
0.000000000000000e+000
0.000000000000000e+000
0.000000000000000e+000
0.000000000000000e+000
0.000000000000000e+000
0.000000000000000e+000
0.000000000000000e+000
0.000000000000000e+000
0.000000000000000e+000
0.000000000000000e+000
0.000000000000000e+000
0.000000000000000e+000
0.000000000000000e+000
0.000000000000000e+000
0.000000000000000e+000
0.000000000000000e+000
0.000000000000000e+000
0.000000000000000e+000
0.000000000000000e+000
0.000000000000000e+000
0.000000000000000e+000
0.000000000000000e+000
0.000000000000000e+000
0.000000000000000e+000
0.000000000000000e+000
0.000000000000000e+000
0.000000000000000e+000
0.000000000000000e+000
6.331997017703815e-002
0.000000000000000e+000
0.000000000000000e+000
-5.634122386727447e-001
0.000000000000000e+000
0.000000000000000e+000
0.000000000000000e+000
0.000000000000000e+000
0.000000000000000e+000
0.000000000000000e+000
0.000000000000000e+000
0.000000000000000e+000
4.932387528694061e+000
0.000000000000000e+000
0.000000000000000e+000
6.032560652733105e-003
0.000000000000000e+000
0.000000000000000e+000
0.000000000000000e+000
0.000000000000000e+000
0.000000000000000e+000
0.000000000000000e+000
0.000000000000000e+000
0.000000000000000e+000
0.000000000000000e+000
0.000000000000000e+000
0.000000000000000e+000
0.000000000000000e+000
0.000000000000000e+000
0.000000000000000e+000
0.000000000000000e+000
0.000000000000000e+000
0.000000000000000e+000
0.000000000000000e+000
0.000000000000000e+000
0.000000000000000e+000
0.000000000000000e+000
0.000000000000000e+000
6.331997017703815e-002
6.331997017703815e-002
0.000000000000000e+000
0.000000000000000e+000
0.000000000000000e+000
0.000000000000000e+000
-1.471037607974004e-002
0.000000000000000e+000
0.000000000000000e+000
0.000000000000000e+000
0.000000000000000e+000
0.000000000000000e+000
0.000000000000000e+000
0.000000000000000e+000
0.000000000000000e+000
0.000000000000000e+000
0.000000000000000e+000
0.000000000000000e+000
0.000000000000000e+000
0.000000000000000e+000
-1.471037607974004e-002
0.000000000000000e+000
0.000000000000000e+000
0.000000000000000e+000
0.000000000000000e+000
0.000000000000000e+000
0.000000000000000e+000
0.000000000000000e+000
0.000000000000000e+000
0.000000000000000e+000
0.000000000000000e+000
0.000000000000000e+000
0.000000000000000e+000
0.000000000000000e+000
0.000000000000000e+000
0.000000000000000e+000
0.000000000000000e+000
0.000000000000000e+000
0.000000000000000e+000
0.000000000000000e+000
0.000000000000000e+000
0.000000000000000e+000
0.000000000000000e+000
0.000000000000000e+000
0.000000000000000e+000
0.000000000000000e+000
0.000000000000000e+000
0.000000000000000e+000
0.000000000000000e+000
0.000000000000000e+000
0.000000000000000e+000
0.000000000000000e+000
0.000000000000000e+000
0.000000000000000e+000
0.000000000000000e+000
0.000000000000000e+000
0.000000000000000e+000
0.000000000000000e+000
0.000000000000000e+000
0.000000000000000e+000
0.000000000000000e+000
0.000000000000000e+000
0.000000000000000e+000
0.000000000000000e+000
0.000000000000000e+000
0.000000000000000e+000
0.000000000000000e+000
0.000000000000000e+000
0.000000000000000e+000
0.000000000000000e+000
0.000000000000000e+000
0.000000000000000e+000
6.331997017703815e-002
0.000000000000000e+000
0.000000000000000e+000
0.000000000000000e+000
0.000000000000000e+000
0.000000000000000e+000
0.000000000000000e+000
0.000000000000000e+000
0.000000000000000e+000
0.000000000000000e+000
0.000000000000000e+000
0.000000000000000e+000
0.000000000000000e+000
0.000000000000000e+000
0.000000000000000e+000
0.000000000000000e+000
0.000000000000000e+000
0.000000000000000e+000
6.331997017703815e-002
0.000000000000000e+000
0.000000000000000e+000
0.000000000000000e+000
0.000000000000000e+000
0.000000000000000e+000
0.000000000000000e+000
0.000000000000000e+000
0.000000000000000e+000
0.000000000000000e+000
0.000000000000000e+000
0.000000000000000e+000
0.000000000000000e+000
0.000000000000000e+000
0.000000000000000e+000
0.000000000000000e+000
0.000000000000000e+000
0.000000000000000e+000
0.000000000000000e+000
0.000000000000000e+000
0.000000000000000e+000
0.000000000000000e+000
0.000000000000000e+000
0.000000000000000e+000
0.000000000000000e+000
0.000000000000000e+000
6.331997017703815e-002
0.000000000000000e+000
0.000000000000000e+000
3.277413582609135e+000
0.000000000000000e+000
0.000000000000000e+000
0.000000000000000e+000
0.000000000000000e+000
0.000000000000000e+000
0.000000000000000e+000
0.000000000000000e+000
0.000000000000000e+000
0.000000000000000e+000
0.000000000000000e+000
0.000000000000000e+000
0.000000000000000e+000
0.000000000000000e+000
0.000000000000000e+000
0.000000000000000e+000
0.000000000000000e+000
0.000000000000000e+000
0.000000000000000e+000
0.000000000000000e+000
0.000000000000000e+000
0.000000000000000e+000
0.000000000000000e+000
0.000000000000000e+000
0.000000000000000e+000
0.000000000000000e+000
0.000000000000000e+000
0.000000000000000e+000
0.000000000000000e+000
0.000000000000000e+000
0.000000000000000e+000
0.000000000000000e+000
0.000000000000000e+000
0.000000000000000e+000
0.000000000000000e+000
0.000000000000000e+000
0.000000000000000e+000
0.000000000000000e+000
0.000000000000000e+000
0.000000000000000e+000
0.000000000000000e+000
0.000000000000000e+000
0.000000000000000e+000
0.000000000000000e+000
0.000000000000000e+000
0.000000000000000e+000
0.000000000000000e+000
0.000000000000000e+000
0.000000000000000e+000
0.000000000000000e+000
0.000000000000000e+000
0.000000000000000e+000
0.000000000000000e+000
0.000000000000000e+000
0.000000000000000e+000
0.000000000000000e+000
0.000000000000000e+000
6.032560652733105e-003
0.000000000000000e+000
0.000000000000000e+000
0.000000000000000e+000
0.000000000000000e+000
0.000000000000000e+000
0.000000000000000e+000
6.331997017703815e-002
0.000000000000000e+000
0.000000000000000e+000
0.000000000000000e+000
0.000000000000000e+000
0.000000000000000e+000
0.000000000000000e+000
0.000000000000000e+000
0.000000000000000e+000
0.000000000000000e+000
0.000000000000000e+000
0.000000000000000e+000
0.000000000000000e+000
0.000000000000000e+000
0.000000000000000e+000
0.000000000000000e+000
0.000000000000000e+000
0.000000000000000e+000
0.000000000000000e+000
0.000000000000000e+000
0.000000000000000e+000
0.000000000000000e+000
0.000000000000000e+000
0.000000000000000e+000
0.000000000000000e+000
0.000000000000000e+000
0.000000000000000e+000
0.000000000000000e+000
0.000000000000000e+000
0.000000000000000e+000
0.000000000000000e+000
0.000000000000000e+000
-5.634122386727447e-001
0.000000000000000e+000
0.000000000000000e+000
0.000000000000000e+000
0.000000000000000e+000
0.000000000000000e+000
0.000000000000000e+000
0.000000000000000e+000
0.000000000000000e+000
0.000000000000000e+000
0.000000000000000e+000
0.000000000000000e+000
0.000000000000000e+000
0.000000000000000e+000
0.000000000000000e+000
0.000000000000000e+000
0.000000000000000e+000
0.000000000000000e+000
0.000000000000000e+000
0.000000000000000e+000
0.000000000000000e+000
0.000000000000000e+000
0.000000000000000e+000
0.000000000000000e+000
0.000000000000000e+000
0.000000000000000e+000
0.000000000000000e+000
0.000000000000000e+000
0.000000000000000e+000
0.000000000000000e+000
0.000000000000000e+000
0.000000000000000e+000
0.000000000000000e+000
0.000000000000000e+000
0.000000000000000e+000
0.000000000000000e+000
0.000000000000000e+000
0.000000000000000e+000
0.000000000000000e+000
0.000000000000000e+000
0.000000000000000e+000
0.000000000000000e+000
0.000000000000000e+000
0.000000000000000e+000
0.000000000000000e+000
0.000000000000000e+000
0.000000000000000e+000
0.000000000000000e+000
0.000000000000000e+000
6.331997017703815e-002
0.000000000000000e+000
0.000000000000000e+000
0.000000000000000e+000
0.000000000000000e+000
0.000000000000000e+000
0.000000000000000e+000
0.000000000000000e+000
0.000000000000000e+000
0.000000000000000e+000
0.000000000000000e+000
0.000000000000000e+000
0.000000000000000e+000
0.000000000000000e+000
0.000000000000000e+000
0.000000000000000e+000
0.000000000000000e+000
0.000000000000000e+000
0.000000000000000e+000
0.000000000000000e+000
0.000000000000000e+000
0.000000000000000e+000
0.000000000000000e+000
0.000000000000000e+000
0.000000000000000e+000
0.000000000000000e+000
0.000000000000000e+000
0.000000000000000e+000
0.000000000000000e+000
0.000000000000000e+000
0.000000000000000e+000
0.000000000000000e+000
0.000000000000000e+000
0.000000000000000e+000
0.000000000000000e+000
0.000000000000000e+000
0.000000000000000e+000
0.000000000000000e+000
0.000000000000000e+000
0.000000000000000e+000
0.000000000000000e+000
0.000000000000000e+000
0.000000000000000e+000
0.000000000000000e+000
0.000000000000000e+000
0.000000000000000e+000
0.000000000000000e+000
0.000000000000000e+000
0.000000000000000e+000
0.000000000000000e+000
0.000000000000000e+000
7.969718306149336e-001
0.000000000000000e+000
0.000000000000000e+000
0.000000000000000e+000
0.000000000000000e+000
0.000000000000000e+000
0.000000000000000e+000
0.000000000000000e+000
0.000000000000000e+000
0.000000000000000e+000
0.000000000000000e+000
0.000000000000000e+000
0.000000000000000e+000
0.000000000000000e+000
0.000000000000000e+000
0.000000000000000e+000
0.000000000000000e+000
0.000000000000000e+000
0.000000000000000e+000
0.000000000000000e+000
0.000000000000000e+000
0.000000000000000e+000
0.000000000000000e+000
0.000000000000000e+000
0.000000000000000e+000
0.000000000000000e+000
0.000000000000000e+000
0.000000000000000e+000
0.000000000000000e+000
0.000000000000000e+000
0.000000000000000e+000
0.000000000000000e+000
0.000000000000000e+000
0.000000000000000e+000
6.331997017703815e-002
0.000000000000000e+000
0.000000000000000e+000
0.000000000000000e+000
-1.471037607974004e-002
0.000000000000000e+000
0.000000000000000e+000
0.000000000000000e+000
0.000000000000000e+000
0.000000000000000e+000
0.000000000000000e+000
0.000000000000000e+000
0.000000000000000e+000
0.000000000000000e+000
0.000000000000000e+000
0.000000000000000e+000
0.000000000000000e+000
0.000000000000000e+000
0.000000000000000e+000
0.000000000000000e+000
0.000000000000000e+000
0.000000000000000e+000
0.000000000000000e+000
0.000000000000000e+000
0.000000000000000e+000
0.000000000000000e+000
0.000000000000000e+000
0.000000000000000e+000
0.000000000000000e+000
0.000000000000000e+000
0.000000000000000e+000
0.000000000000000e+000
0.000000000000000e+000
0.000000000000000e+000
0.000000000000000e+000
0.000000000000000e+000
0.000000000000000e+000
0.000000000000000e+000
0.000000000000000e+000
0.000000000000000e+000
0.000000000000000e+000
0.000000000000000e+000
0.000000000000000e+000
0.000000000000000e+000
0.000000000000000e+000
0.000000000000000e+000
1.325308565789867e-001
0.000000000000000e+000
0.000000000000000e+000
0.000000000000000e+000
0.000000000000000e+000
0.000000000000000e+000
1.325308565789867e-001
7.263158333614220e-001
0.000000000000000e+000
0.000000000000000e+000
0.000000000000000e+000
0.000000000000000e+000
0.000000000000000e+000
0.000000000000000e+000
0.000000000000000e+000
0.000000000000000e+000
0.000000000000000e+000
0.000000000000000e+000
0.000000000000000e+000
0.000000000000000e+000
0.000000000000000e+000
1.605727063731237e+000
0.000000000000000e+000
0.000000000000000e+000
0.000000000000000e+000
0.000000000000000e+000
0.000000000000000e+000
0.000000000000000e+000
0.000000000000000e+000
0.000000000000000e+000
0.000000000000000e+000
0.000000000000000e+000
0.000000000000000e+000
0.000000000000000e+000
0.000000000000000e+000
0.000000000000000e+000
0.000000000000000e+000
0.000000000000000e+000
0.000000000000000e+000
0.000000000000000e+000
0.000000000000000e+000
0.000000000000000e+000
0.000000000000000e+000
0.000000000000000e+000
0.000000000000000e+000
0.000000000000000e+000
0.000000000000000e+000
0.000000000000000e+000
0.000000000000000e+000
0.000000000000000e+000
0.000000000000000e+000
0.000000000000000e+000
0.000000000000000e+000
0.000000000000000e+000
0.000000000000000e+000
0.000000000000000e+000
0.000000000000000e+000
0.000000000000000e+000
2.181428232494450e+000
0.000000000000000e+000
0.000000000000000e+000
0.000000000000000e+000
0.000000000000000e+000
0.000000000000000e+000
0.000000000000000e+000
0.000000000000000e+000
0.000000000000000e+000
0.000000000000000e+000
0.000000000000000e+000
8.662898023773664e-001
0.000000000000000e+000
0.000000000000000e+000
0.000000000000000e+000
0.000000000000000e+000
0.000000000000000e+000
0.000000000000000e+000
0.000000000000000e+000
0.000000000000000e+000
0.000000000000000e+000
0.000000000000000e+000
0.000000000000000e+000
0.000000000000000e+000
0.000000000000000e+000
0.000000000000000e+000
0.000000000000000e+000
0.000000000000000e+000
0.000000000000000e+000
0.000000000000000e+000
0.000000000000000e+000
0.000000000000000e+000
0.000000000000000e+000
0.000000000000000e+000
0.000000000000000e+000
1.930103346399128e+000
0.000000000000000e+000
0.000000000000000e+000
0.000000000000000e+000
0.000000000000000e+000
0.000000000000000e+000
0.000000000000000e+000
0.000000000000000e+000
0.000000000000000e+000
0.000000000000000e+000
0.000000000000000e+000
0.000000000000000e+000
0.000000000000000e+000
0.000000000000000e+000
0.000000000000000e+000
0.000000000000000e+000
0.000000000000000e+000
1.037195935299301e+000
0.000000000000000e+000
0.000000000000000e+000
0.000000000000000e+000
0.000000000000000e+000
0.000000000000000e+000
0.000000000000000e+000
0.000000000000000e+000
0.000000000000000e+000
0.000000000000000e+000
0.000000000000000e+000
0.000000000000000e+000
0.000000000000000e+000
0.000000000000000e+000
0.000000000000000e+000
0.000000000000000e+000
0.000000000000000e+000
0.000000000000000e+000
0.000000000000000e+000
0.000000000000000e+000
0.000000000000000e+000
0.000000000000000e+000
0.000000000000000e+000
0.000000000000000e+000
0.000000000000000e+000
0.000000000000000e+000
0.000000000000000e+000
0.000000000000000e+000
0.000000000000000e+000
0.000000000000000e+000
0.000000000000000e+000
0.000000000000000e+000
0.000000000000000e+000
0.000000000000000e+000
0.000000000000000e+000
0.000000000000000e+000
0.000000000000000e+000
0.000000000000000e+000
0.000000000000000e+000
0.000000000000000e+000
0.000000000000000e+000
0.000000000000000e+000
0.000000000000000e+000
0.000000000000000e+000
0.000000000000000e+000
0.000000000000000e+000
0.000000000000000e+000
0.000000000000000e+000
0.000000000000000e+000
0.000000000000000e+000
0.000000000000000e+000
0.000000000000000e+000
0.000000000000000e+000
0.000000000000000e+000
0.000000000000000e+000
1.516984184773468e-002
0.000000000000000e+000
0.000000000000000e+000
0.000000000000000e+000
0.000000000000000e+000
0.000000000000000e+000
0.000000000000000e+000
0.000000000000000e+000
0.000000000000000e+000
0.000000000000000e+000
0.000000000000000e+000
0.000000000000000e+000
0.000000000000000e+000
0.000000000000000e+000
0.000000000000000e+000
0.000000000000000e+000
0.000000000000000e+000
0.000000000000000e+000
0.000000000000000e+000
-4.441319877995734e-001
0.000000000000000e+000
0.000000000000000e+000
0.000000000000000e+000
1.516984184773468e-002
0.000000000000000e+000
2.427856769526099e+000
0.000000000000000e+000
0.000000000000000e+000
0.000000000000000e+000
0.000000000000000e+000
0.000000000000000e+000
0.000000000000000e+000
0.000000000000000e+000
0.000000000000000e+000
0.000000000000000e+000
0.000000000000000e+000
0.000000000000000e+000
0.000000000000000e+000
0.000000000000000e+000
0.000000000000000e+000
0.000000000000000e+000
0.000000000000000e+000
0.000000000000000e+000
0.000000000000000e+000
0.000000000000000e+000
1.325308565789867e-001
0.000000000000000e+000
0.000000000000000e+000
0.000000000000000e+000
0.000000000000000e+000
0.000000000000000e+000
0.000000000000000e+000
0.000000000000000e+000
0.000000000000000e+000
0.000000000000000e+000
0.000000000000000e+000
0.000000000000000e+000
0.000000000000000e+000
0.000000000000000e+000
0.000000000000000e+000
0.000000000000000e+000
0.000000000000000e+000
0.000000000000000e+000
6.677663771383646e-001
0.000000000000000e+000
0.000000000000000e+000
0.000000000000000e+000
0.000000000000000e+000
0.000000000000000e+000
0.000000000000000e+000
0.000000000000000e+000
0.000000000000000e+000
0.000000000000000e+000
0.000000000000000e+000
0.000000000000000e+000
0.000000000000000e+000
0.000000000000000e+000
0.000000000000000e+000
0.000000000000000e+000
1.377106500097857e+000
0.000000000000000e+000
0.000000000000000e+000
0.000000000000000e+000
0.000000000000000e+000
0.000000000000000e+000
0.000000000000000e+000
0.000000000000000e+000
0.000000000000000e+000
-4.441319877995734e-001
0.000000000000000e+000
0.000000000000000e+000
0.000000000000000e+000
1.618785627107749e+000
0.000000000000000e+000
0.000000000000000e+000
0.000000000000000e+000
0.000000000000000e+000
0.000000000000000e+000
0.000000000000000e+000
0.000000000000000e+000
0.000000000000000e+000
0.000000000000000e+000
0.000000000000000e+000
0.000000000000000e+000
0.000000000000000e+000
0.000000000000000e+000
0.000000000000000e+000
0.000000000000000e+000
8.322992169042001e-001
0.000000000000000e+000
0.000000000000000e+000
0.000000000000000e+000
0.000000000000000e+000
0.000000000000000e+000
0.000000000000000e+000
0.000000000000000e+000
7.169100697537650e-001
0.000000000000000e+000
0.000000000000000e+000
0.000000000000000e+000
0.000000000000000e+000
0.000000000000000e+000
0.000000000000000e+000
0.000000000000000e+000
0.000000000000000e+000
0.000000000000000e+000
0.000000000000000e+000
0.000000000000000e+000
0.000000000000000e+000
0.000000000000000e+000
0.000000000000000e+000
1.325308565789867e-001
0.000000000000000e+000
0.000000000000000e+000
0.000000000000000e+000
0.000000000000000e+000
0.000000000000000e+000
0.000000000000000e+000
0.000000000000000e+000
0.000000000000000e+000
0.000000000000000e+000
0.000000000000000e+000
0.000000000000000e+000
0.000000000000000e+000
0.000000000000000e+000
0.000000000000000e+000
0.000000000000000e+000
0.000000000000000e+000
0.000000000000000e+000
0.000000000000000e+000
0.000000000000000e+000
0.000000000000000e+000
0.000000000000000e+000
0.000000000000000e+000
0.000000000000000e+000
0.000000000000000e+000
-5.634122386727447e-001
0.000000000000000e+000
0.000000000000000e+000
0.000000000000000e+000
0.000000000000000e+000
0.000000000000000e+000
0.000000000000000e+000
0.000000000000000e+000
0.000000000000000e+000
0.000000000000000e+000
0.000000000000000e+000
0.000000000000000e+000
0.000000000000000e+000
0.000000000000000e+000
0.000000000000000e+000
0.000000000000000e+000
0.000000000000000e+000
0.000000000000000e+000
0.000000000000000e+000
0.000000000000000e+000
0.000000000000000e+000
0.000000000000000e+000
0.000000000000000e+000
0.000000000000000e+000
0.000000000000000e+000
4.611124446941569e-001
0.000000000000000e+000
0.000000000000000e+000
0.000000000000000e+000
0.000000000000000e+000
0.000000000000000e+000
0.000000000000000e+000
0.000000000000000e+000
0.000000000000000e+000
0.000000000000000e+000
0.000000000000000e+000
0.000000000000000e+000
0.000000000000000e+000
0.000000000000000e+000
0.000000000000000e+000
0.000000000000000e+000
0.000000000000000e+000
0.000000000000000e+000
0.000000000000000e+000
0.000000000000000e+000
0.000000000000000e+000
0.000000000000000e+000
0.000000000000000e+000
0.000000000000000e+000
0.000000000000000e+000
0.000000000000000e+000
0.000000000000000e+000
0.000000000000000e+000
0.000000000000000e+000
0.000000000000000e+000
0.000000000000000e+000
0.000000000000000e+000
0.000000000000000e+000
0.000000000000000e+000
0.000000000000000e+000
0.000000000000000e+000
0.000000000000000e+000
2.543974974627026e+000
0.000000000000000e+000
0.000000000000000e+000
0.000000000000000e+000
0.000000000000000e+000
1.018416315984849e-001
0.000000000000000e+000
0.000000000000000e+000
-5.634122386727447e-001
0.000000000000000e+000
0.000000000000000e+000
0.000000000000000e+000
0.000000000000000e+000
0.000000000000000e+000
0.000000000000000e+000
0.000000000000000e+000
0.000000000000000e+000
0.000000000000000e+000
0.000000000000000e+000
2.395991761782301e+000
0.000000000000000e+000
0.000000000000000e+000
0.000000000000000e+000
0.000000000000000e+000
0.000000000000000e+000
0.000000000000000e+000
0.000000000000000e+000
0.000000000000000e+000
0.000000000000000e+000
0.000000000000000e+000
1.937615894996622e+000
0.000000000000000e+000
0.000000000000000e+000
8.322992169042001e-001
0.000000000000000e+000
0.000000000000000e+000
0.000000000000000e+000
0.000000000000000e+000
0.000000000000000e+000
0.000000000000000e+000
0.000000000000000e+000
0.000000000000000e+000
0.000000000000000e+000
2.016379378759555e-001
0.000000000000000e+000
0.000000000000000e+000
3.147156513334389e-001
0.000000000000000e+000
0.000000000000000e+000
0.000000000000000e+000
4.360011813250244e-001
0.000000000000000e+000
0.000000000000000e+000
0.000000000000000e+000
0.000000000000000e+000
0.000000000000000e+000
0.000000000000000e+000
0.000000000000000e+000
0.000000000000000e+000
0.000000000000000e+000
1.306685946989213e+000
0.000000000000000e+000
0.000000000000000e+000
0.000000000000000e+000
0.000000000000000e+000
0.000000000000000e+000
0.000000000000000e+000
0.000000000000000e+000
0.000000000000000e+000
0.000000000000000e+000
1.622465997958985e-001
0.000000000000000e+000
0.000000000000000e+000
-2.459731973274445e-001
0.000000000000000e+000
0.000000000000000e+000
0.000000000000000e+000
0.000000000000000e+000
0.000000000000000e+000
0.000000000000000e+000
0.000000000000000e+000
0.000000000000000e+000
0.000000000000000e+000
0.000000000000000e+000
0.000000000000000e+000
0.000000000000000e+000
0.000000000000000e+000
0.000000000000000e+000
0.000000000000000e+000
0.000000000000000e+000
0.000000000000000e+000
0.000000000000000e+000
0.000000000000000e+000
0.000000000000000e+000
0.000000000000000e+000
0.000000000000000e+000
0.000000000000000e+000
0.000000000000000e+000
8.379112018082044e-001
6.373601014459080e-001
0.000000000000000e+000
0.000000000000000e+000
0.000000000000000e+000
0.000000000000000e+000
0.000000000000000e+000
0.000000000000000e+000
0.000000000000000e+000
0.000000000000000e+000
0.000000000000000e+000
0.000000000000000e+000
0.000000000000000e+000
0.000000000000000e+000
0.000000000000000e+000
0.000000000000000e+000
0.000000000000000e+000
0.000000000000000e+000
0.000000000000000e+000
0.000000000000000e+000
0.000000000000000e+000
0.000000000000000e+000
0.000000000000000e+000
0.000000000000000e+000
0.000000000000000e+000
0.000000000000000e+000
0.000000000000000e+000
0.000000000000000e+000
0.000000000000000e+000
0.000000000000000e+000
0.000000000000000e+000
0.000000000000000e+000
0.000000000000000e+000
0.000000000000000e+000
0.000000000000000e+000
0.000000000000000e+000
0.000000000000000e+000
0.000000000000000e+000
0.000000000000000e+000
0.000000000000000e+000
0.000000000000000e+000
0.000000000000000e+000
0.000000000000000e+000
0.000000000000000e+000
0.000000000000000e+000
0.000000000000000e+000
0.000000000000000e+000
0.000000000000000e+000
0.000000000000000e+000
0.000000000000000e+000
0.000000000000000e+000
0.000000000000000e+000
0.000000000000000e+000
0.000000000000000e+000
0.000000000000000e+000
0.000000000000000e+000
0.000000000000000e+000
0.000000000000000e+000
0.000000000000000e+000
0.000000000000000e+000
0.000000000000000e+000
0.000000000000000e+000
0.000000000000000e+000
0.000000000000000e+000
0.000000000000000e+000
0.000000000000000e+000
0.000000000000000e+000
0.000000000000000e+000
0.000000000000000e+000
0.000000000000000e+000
0.000000000000000e+000
0.000000000000000e+000
0.000000000000000e+000
0.000000000000000e+000
