%%MatrixMarket matrix coordinate real general
% This is a coefficients file of D:\Packages\Ell1_Logistic\examples\exs_internetad_X
%    generated by ELL1_regpath ver V1
% 
% Note that it is not a model file!
% 
% Each column is coefficient vector of corresponding lambda
% The corresponding lambda vector is stored at D:\Packages\Ell1_Logistic\examples\path_internetad_lambda
1431 1000 999999999
1 1 -1.647042132697364e+000
1 2 -1.652220773792369e+000
1134 2 7.111855884384999e-002
1 3 -1.657358019538923e+000
1134 3 1.387396451532340e-001
1 4 -1.662454096262546e+000
1134 4 2.032380636771098e-001
1 5 -1.667509225540643e+000
1134 5 2.649305155600706e-001
1 6 -1.672523632207462e+000
1134 6 3.240873392361826e-001
1 7 -1.677497549750840e+000
3 7 5.204597657087310e-011
1134 7 3.809411790512068e-001
1 8 -1.694974428987831e+000
3 8 8.741336516731091e-005
1134 8 4.202589180719950e-001
1 9 -1.713553433312133e+000
3 9 1.822030822921837e-004
1134 9 4.563122261168146e-001
1 10 -1.731837247709212e+000
3 10 2.746364260120444e-004
1134 10 4.909868244272814e-001
1 11 -1.749841763678075e+000
3 11 3.648577496247785e-004
1134 11 5.244072186941193e-001
1 12 -1.767581551526493e+000
3 12 4.529986881173600e-004
1134 12 5.566831147185700e-001
1 13 -1.785069907162574e+000
3 13 5.391791400369534e-004
1134 13 5.879115323717672e-001
1 14 -1.802319036694092e+000
3 14 6.235088103429792e-004
1134 14 6.181787172385364e-001
1 15 -1.819340219493474e+000
3 15 7.060885494771004e-004
1134 15 6.475617228262171e-001
1 16 -1.836143813133611e+000
3 16 7.870108496938366e-004
1134 16 6.761294938272590e-001
1 17 -1.852739391048210e+000
3 17 8.663609310542892e-004
1134 17 7.039440041382523e-001
1 18 -1.869135850577250e+000
3 18 9.442176226508985e-004
1134 18 7.310611918893309e-001
1 19 -1.885341464678703e+000
3 19 1.020653926943457e-003
1134 19 7.575316799401407e-001
1 20 -1.901363837907293e+000
3 20 1.095737100471651e-003
1134 20 7.834012471022214e-001
1 21 -1.917210140905283e+000
3 21 1.169530011236073e-003
1134 21 8.087116716055954e-001
1 22 -1.932887066032420e+000
3 22 1.242091147638623e-003
1134 22 8.335010499830163e-001
1 23 -1.948400783667010e+000
3 23 1.313474620598151e-003
1134 23 8.578040704325046e-001
1 24 -1.963757154990150e+000
3 24 1.383731326299796e-003
1134 24 8.816526424060425e-001
1 25 -1.978961676931630e+000
3 25 1.452908846441227e-003
1134 25 9.050760615413550e-001
1 26 -1.994019428883495e+000
3 26 1.521051352975639e-003
1134 26 9.281011509333484e-001
1 27 -2.008935269626901e+000
3 27 1.588200632610677e-003
1134 27 9.507527575959125e-001
1 28 -2.023713775733737e+000
3 28 1.654395918912370e-003
1134 28 9.730538251627023e-001
1 29 -2.038359182319509e+000
3 29 1.719673735059009e-003
1134 29 9.950254546734813e-001
1 30 -2.052875567960099e+000
3 30 1.784068816728050e-003
1134 30 1.016687314556357e+000
1 31 -2.067266789150796e+000
3 31 1.847613901382258e-003
1134 31 1.038057656337129e+000
1 32 -2.081536417402070e+000
3 32 1.910339531384933e-003
1134 32 1.059153324876680e+000
1 33 -2.095687914742169e+000
3 33 1.972274899761120e-003
1134 33 1.079990110016012e+000
1 34 -2.109724539820900e+000
3 34 2.033447499325544e-003
1134 34 1.100582687915697e+000
1 35 -2.123649386566599e+000
3 35 2.093883351604202e-003
1134 35 1.120944750293804e+000
1 36 -2.137075823537958e+000
3 36 2.148267361069370e-003
317 36 1.219049099220063e-002
1134 36 1.138748155030211e+000
1 37 -2.149980567497319e+000
3 37 2.196227338849124e-003
317 37 3.731008728335705e-002
1134 37 1.153873097850767e+000
1 38 -2.162797287485959e+000
3 38 2.243677692353611e-003
317 38 6.187091493039563e-002
1134 38 1.168927539984438e+000
1 39 -2.175528031896750e+000
3 39 2.290632228743096e-003
317 39 8.591216201562052e-002
1134 39 1.183917579231438e+000
1 40 -2.188174760259618e+000
3 40 2.337104155422056e-003
317 40 1.094696500622445e-001
1134 40 1.198848930283708e+000
1 41 -2.200739348828618e+000
3 41 2.383106122004257e-003
317 41 1.325761842972753e-001
1134 41 1.213726954492719e+000
1 42 -2.213223641732954e+000
3 42 2.428650422117028e-003
317 42 1.552619516373727e-001
1134 42 1.228556740255995e+000
1 43 -2.22562